#! FIELDS time rct DeltaF_-3.14159 DeltaF_-2.74889 DeltaF_-2.35619 DeltaF_-1.9635 DeltaF_-1.5708 DeltaF_-1.1781 DeltaF_-0.785398 DeltaF_-0.392699 DeltaF_0 DeltaF_0.392699 DeltaF_0.785398 DeltaF_1.1781 DeltaF_1.5708 DeltaF_1.9635 DeltaF_2.35619 DeltaF_2.74889
#! SET print_stride  100
                    100                      0      9.054637741055917       3.80005234977742      2.798358301574741      4.581422201126295      2.997024185891473      3.620036035164707      10.60559959202201      25.64501335511271      49.72311990354205      83.18282460699885      126.1476929919956      160.1048430721362      111.3740584701425      72.15732657034042      42.30381527683012      21.47336214172512
                    200     -3.002380365469016      11.95194901768852      7.216408134110646      6.424284248964864       8.58813853664517      4.509516034693237      4.794151160257854      11.83733761490271       24.2059457182196       24.2725447822743      10.37998295776059      3.029897513399924      2.261669574917882      6.857635248364946      18.18323288107077      36.11830149822944      22.15674937142751
                    300    -0.3468464877992251      12.90638718580075      8.467669396043183      8.332520999024702      7.618704736667968      1.919152514183089      1.705866641213694       7.46216729503503      19.03004541191143       28.4711434710281      14.75208177088867      7.401996385807017      6.633768447324981      11.22973412077204      22.55533160869781      38.88188752594188      23.24663637552082
                    400    -0.4126877793996495      11.63841868020516      6.897961555312155      6.441265134041156      6.110238839311261      2.051047268812376       1.94490413882057      7.489389792326939      18.55660836221406      28.96639715429719      15.69344049873846      8.343382442259868      7.575154504712375       12.1711201781594      23.49671711254174      37.70487785113988      21.85543222528619
                    500     -0.346996605679408      10.58827479397326      5.515911633843118      4.539753774634643      5.314823949000125      2.420253918891514      2.414035233685127      7.897892016421157      18.96906591279826      29.72567891639345      16.43672274583134      9.072019736214687      8.334568172468899       12.9506776188526      24.27787300336106      36.88940802567933       20.7132097327476
                    600    -0.0258256374135066      10.42999982829548      5.465658330015729      4.566121528489133      5.250655793337656       2.26926557683213      2.446632179368199      8.053746634245639      18.95375874063666      30.33935406853978      17.31324408756354      9.948541941952136      9.211090378207954      13.82719982459157      25.15439424280255      36.82002148837324      20.56395165939372
                    700     0.1391774220682863      10.23098935120839      4.910729219641189      4.194932696422356      5.056717991935182      2.461813398282122      2.607142661353119       8.09033027974932      18.93209656528996      30.85064612912045      17.93218888718015      10.56748680092913      9.830035237184958      14.44614468356857      25.77333880756116       36.9383695688323      20.56174370236859
                    800     0.5526000953504743      10.87028145287246      5.511138838143981      4.797237984208973      5.312773210836639      2.186665783308978      2.264553539040241      7.995986963764143      19.05231927300856      31.50740043758915      18.72952251247473      11.36482051588658      10.62736895214243      15.24347839852605      26.57067249932112      37.65786171139741      21.23212064327126
                    900     0.3302041811898451      10.68269144541287      5.421608484141793      4.707638471179965      5.169592623473044      2.226851875901942      2.357431454032046      8.024953132415009      19.00205445276689      30.97381381749765      18.42562813767563      11.01058050285435      10.21589094876659      15.01865129677675      26.45740798945099      37.49013190026804      21.07490490980546
                   1000     0.3231091557867777       10.3580541711808      5.043234913407153      4.351617254399067      5.107081677281237      2.373967219457258      2.479519458002021       8.12627900461243      19.09129358000679      31.22512508253302      18.71197786335005      11.29693024004692      10.50224068595915      15.30500103396929      26.74375711237386      37.23309731982032      20.78138943400227
                   1100     0.3272409428470979      10.12317120755241      4.832935796107653      4.254533274523686      5.046685241302212      2.399332757616132      2.584651162867213      8.243293055469902      19.15341144524572      31.39272353558746      18.95238932402008      11.50789819046829      10.70308024230131      15.52875080588157      26.96327308849611      36.98123905831149      20.64667983017326
                   1200     0.1154897473355923      10.14892934505234      4.858693932297864      4.280273953308702      5.063924140564944      2.402901011402496      2.604177888538672      8.246089298653661      19.13761614186743       30.9194296555768      18.39286121276088      10.89763440826527      9.994396950149735      15.00805515355548      26.62586797386222      36.99671846262416      20.67243796724358
                   1300   -0.00394584667456293      10.06013151233707      4.820992918157003      4.267609264034322      5.035770973472487      2.435546921709555      2.630133784216244       8.20819642840876      19.09776614064721      30.57056534271637      18.08884031000676      10.69314312725405      9.794167972583139      14.82218222180609      26.50791279974839      36.84927071971065       20.5214924363906
                   1400    0.07395125437789168       9.87171510218883      4.498386741826144      4.007759926116498      4.982149447197211      2.549574565121665      2.788653071188149      8.381274716442167      19.29009812585097      30.81307671171371       18.3421829363694      10.92454052910953      10.01558414921542      15.07917352663678      26.78282211395441      36.88346605389642      20.50310608282787
                   1500    0.03106766706845599      9.682695974777264      4.371114141495726       3.88089904304733      4.976670452095494      2.623082014911112      2.855367380082523      8.464097588285357      19.35012751934991      30.74463156365013       18.3608806311555      10.98483938314638      10.06448245658593      15.11617978490213      26.83066032076872      36.53311122901956      20.24398610899353
                   1600   -0.04411656020697449      9.665431074644244      4.339148645867376      3.806732005552522       4.97264135880673      2.659509014398991      2.909753794913894       8.53044434567221      19.38187515339256      30.56948708652364      18.14774655178907      10.69861915773331      9.777778097718443      14.95736014711717      26.71679518099831      36.54181447566649      20.23131072024523
                   1700   -0.09950219239694014      9.586823465614073      4.287655100333276      3.775887086140611      5.020960521626622      2.680922855784897       2.93331734575963      8.517567340563756      19.30316818753396      30.28108734287688      18.00558409830817       10.6052874298319      9.677326677371957      14.90561816197927      26.71972723944358      36.48080355363521      20.17472859459392
                   1800    -0.1113410348967156      9.634482567155171      4.316084844781078      3.766069107559213      5.041194722897633      2.694797486264551        2.9093508850192      8.469289386497515      19.24939861888951      30.23647729969345      17.96244151162895      10.54128074656871      9.620285624267298      14.86508625920074      26.68560245718951      36.47952060660675      20.20469740758077
                   1900   -0.07329593077709337      9.767693535109384      4.461848992035454      3.856937257851027      4.990087488485096      2.604804660626242       2.87600072416421      8.464807368413116      19.30375650837301      30.12721893286696      17.92207800982572      10.53846529363024      9.650213719894728      14.93920954112955      26.76202638147044      36.58126218256647      20.32800858372226
                   2000   -0.01368067255968282      9.853302441112637      4.585885728826185      3.952149890732736      5.065514313685311      2.518995175638119      2.798344501486707      8.436001216500616       19.2597205361721      30.16903582932606      18.06203877051609       10.6811691615314      9.767208490610361      15.06080769501172      26.91637516754477      36.59360415612067       20.3680452225018
                   2100    -0.0118665769877562      9.857321916151109      4.532519449615704      3.848006905497438      5.023465474463308      2.568092982397243      2.848579593761398      8.484706709387732      19.30901529358682      30.11483076099091      18.07694390227675      10.70306830790079      9.769392997531785      15.09237982971062      27.00400126785148      36.55240449538229      20.34036699704565
                   2200   -0.02843157695964777      9.819264989297032      4.493703326772973      3.785053800908763      4.947016069615616      2.599799369719302      2.907492377037323      8.560795101040284      19.36637874416059      30.01315229440265      18.02647302892652      10.67766212273788       9.72995198179842      15.06716525878031      26.97720097039127      36.55084999099594      20.31216526119938
                   2300    0.00751662461161532       9.80143835543571      4.453873428663949      3.713199692342521      4.953557122284116      2.639616819550169      2.920731715740156      8.559536411668907      19.37320493740715      30.04102487541185      18.13331972660305      10.80047972075436      9.851003114986453      15.19806556064428      27.11629759011087      36.55465432526507      20.30329925501588
                   2400    0.09235907614550896      9.846447173699733      4.489639512105271       3.72741540112327      4.904143873519491      2.593815043008715      2.935903888022116       8.58940628436506      19.41482001217766      30.19828999268379      18.32899021296071      10.99615065288815      10.04667404712172      15.39373649277955      27.31196828904038      36.65068844556615      20.37677818676675
                   2500     0.1557729780003302      9.963040167540397      4.597750347633103      3.814862681479321      4.932584827272751      2.513687159132607      2.877917276932933      8.621669588738921      19.47505129242068      30.21827340778739      18.41160554232842      11.08668849714657      10.14759721949855       15.5112296065159      27.45027888946812      36.79025734590011      20.49450790535831
                   2600     0.1525554264939514      9.781770330658986      4.487667634466002      3.745391573816033      4.887861022276478      2.560096393197546      2.945826395739439      8.677233391592573        19.520546874284      30.30678199330349      18.51017029476637      11.18525327311451       10.2461619954665      15.60979438248382      27.54884298684581      36.62611301358093      20.31754597862832
                   2700     0.1272347294240193      9.801452750992299      4.516834979102676      3.758501817017367       4.87098983487973      2.538608288637863      2.958031790940597      8.677761198656206      19.49827489051457      30.22698425743511      18.44353507446146       11.1180846760884       10.1780588769145      15.57015484002134      27.53280169041696      36.61807711286382      20.33564794658846
                   2800     0.1432870517965724      9.859537085535855      4.596224810784784      3.847021471984023      4.889329840187347      2.504044964574427      2.886193938765725      8.592309961579961      19.40535771276591      30.21615250257332        18.463973814595      11.16037648663956      10.22286530576633      15.63677727577645      27.62139227348552      36.67416777475842      20.39770765778623
                   2900     0.2022058006360725      9.978563166119287      4.717128095893171      3.960867452793751      4.975255425635706      2.436084182420931       2.78785583984945      8.496401119066256      19.33639000642163      30.32081259899384      18.58568855988137      11.27319017796477      10.32802490012718      15.75594575739498      27.75914717279165      36.78472684716696      20.52323684901132
                   3000     0.1252948268478877      9.980132718187054      4.714192298457709      3.964313961089842      4.977367209767829      2.446355780398203      2.794427607254901      8.493140404091468       19.3304070251324       30.1692175027268       18.3280277575275      11.04156441202901      10.12642979175209      15.58048732138194      27.62129021107507        36.780358833162      20.53098099912208
                   3100     0.1256704783156902      9.934686297114222      4.663731351474987      3.937643928750861      4.984099102224939      2.468542280638656      2.803373648502248      8.497650669566589      19.34446519847582      30.20136149207258       18.3999171460474      11.10584898489063       10.1814350765613      15.62963508538524      27.65223680220654      36.68029204814912      20.47160309032082
                   3200     0.1532567405683818      9.911375862081922      4.632038416977251      3.930993438837642      4.958410217697527      2.476407191306933      2.815240850531385      8.490039758506642      19.33034692108131      30.25171332630014      18.50926435502775      11.21519736078555      10.29078345246094      15.73898346128241        27.761582453933      36.66682579047253      20.48797145202817
                   3300     0.1958112146528744      9.944198229985462      4.658925527691675      3.975589684319172       4.99109176575401       2.44705454233724      2.783335250113624      8.472222966819194      19.27886662334377      30.31489571263139      18.63098511676092      11.33691870680105       10.4125047984782      15.86070480729966      27.88330364086946      36.71443561028135      20.52784988641551
                   3400     0.2051856296272098      9.912324908667367      4.645635632557529        3.9812799916266      4.971188374092367      2.447448000427447      2.790926322110135      8.482270986030249      19.28318112797235      30.32193833579425      18.67695890325711      11.38761237623796      10.45517895260021       15.9040209346274      27.94146272071885      36.75949297424924      20.51993992841876
                   3500     0.1350612760800662      9.916641733384365      4.649952457274519      3.985596816343591      4.975505198807097      2.451764809638644      2.795236037485429      8.485999101084841      19.27949813745421      30.10245123270361      18.46217991992319      11.21195297534832      10.26120893512012      15.74010804326327      27.83331423662227       36.7627887384789       20.5242567531222
                   3600     0.1787926859203273      9.963187583294181      4.690357341926457      3.994697606803191      4.951178315421988      2.437407865455724      2.786570467289259      8.475861485930276      19.29850434111022      30.19927876990567      18.56452015883866      11.31143610369666       10.3598878577104      15.84385863055855      27.93482928428774        36.823690863484      20.57120681074788
                   3700     0.1739296413478642      9.995828878688538      4.710447518883869      4.020443921920533      4.957859813206398      2.423744645582132      2.774951724183251      8.467301732681355      19.31445249577893      30.17552110726979      18.52891220691802      11.28279923000572      10.34735708756741      15.83421310235571      27.94345563910127      36.82402828301927      20.60800075253076
                   3800     0.1614644156398776      9.951279535209913      4.669594839428056      3.990205511929406      4.971653189806096       2.44583109904951      2.782415493725599      8.470405241682725      19.31966331317933       30.1261185688954      18.54486559946209      11.30502325216423      10.35713542931669      15.85161958376694      27.97934227639915      36.76797995728327      20.54814688497851
                   3900    0.09949699488330525      9.954959159722661      4.674100252452992      3.994739864918307      4.976187674556276      2.450364544940572      2.786837193253521      8.472727116725583      19.31692275714814      30.01222334447745      18.34903743639741       11.1103408716704      10.17736634983014      15.69575362768588      27.85946986456515      36.76558080821378      20.54820256377581
                   4000    0.06164385051646867      9.902744184400769      4.636945577642175      3.977473403260107      4.959984393528994      2.471617980499204      2.806098643539924      8.490248372652626      19.34188067462456      29.94980411393406      18.26817300576547      11.03202328697891      10.10368740225392      15.63748287380163      27.81749506057288      36.69907430454284      20.47958505007711
                   4100     0.0356143081787024      9.913798059257564      4.650576221511313      3.978391312150993      4.953187341249518      2.471938982993901      2.808939485383242      8.489121529767869      19.34697931663169       29.9054519840984      18.16377790417136      10.93603792438978      10.02790273692991      15.58592363451969      27.78308468184782      36.67946556124168      20.47920047012644
                   4200    0.07358593188487643      9.979809699594595      4.718519628931412      4.029897827992098      4.933086456536049      2.438919893610623      2.782922346846493      8.470248387210006      19.35476541864984      29.95786496757458      18.23152896199021       10.9962658604881      10.09299046312178      15.66208989392053      27.86864781333356      36.74024608721317      20.54495364092179
                   4300    0.08323542713523512      9.988302967218113      4.735326596138353      4.041803106910663      4.920190082932907      2.429159522703516      2.779713398885535       8.47115769118415      19.33205100355468      29.93684830434951        18.249342816483      11.03636603824968      10.13445252964193      15.70276162412665        27.921534964235       36.7438198093039      20.56076566919711
                   4400    0.09684502251977446      9.912728779442016      4.711438927610597      4.040137780782358      4.930315553391529      2.427473161702579      2.785917587226804      8.479772476891977       19.3389151714652      29.97881327774133      18.32162618087642      11.10865485675234      10.20674134839316      15.77505044287784      27.99382342794876      36.73216727029249      20.49529110259906
                   4500     0.1037141746261749      9.832272494345521      4.663307914341567      3.996749264067652      4.893799841984151      2.446383999864281      2.824051287553139      8.512575426893692      19.38029265779101      30.04256232136142      18.38582579854797      11.17285447445153      10.27094096609235      15.83925006057701      28.05802263752002      36.66136074458637      20.40639439214482
                   4600     0.1197792892201007      9.802607127169448       4.62732234609887      3.944460555007821        4.8725502369873      2.466827527852232      2.853167871465254      8.540254211403173      19.37742346155501      30.09152869911154      18.45793300863431      11.24496190939888       10.3430484010403      15.91135749552492      28.13012958068343      36.63835872274012      20.38134039025321
                   4700     0.1179250425100837      9.849337263972982       4.66912948625638      3.972170483488074      4.874612640668666      2.444995167628091      2.838583699128941      8.534828456710761      19.36602991968363      30.03654647069236      18.42393882529985      11.23426342444324      10.33072243668501      15.89711624576293      28.13520237288745      36.66713799317408      20.42417407094683
                   4800     0.1127210793811946      9.854119861447252      4.677325276647818      3.978844216739134       4.87030649153135      2.448182105406227      2.831319794259622      8.528921023570224      19.36602790846436      30.04719849154209      18.41585733563438      11.20966174527761      10.29894798101621      15.88258155502458      28.14358524115606      36.66951607512851      20.42855697047273
                   4900     0.1587318527415612      9.930833682872176      4.742066359012706       4.02246723166279      4.878236168985501      2.426954210172422      2.788534952341724       8.46947238886462      19.34148188680013      30.13591539062575      18.51437138030366      11.30817579889876      10.39746203463736      15.98109560864572      28.24209918444329      36.74600948031868      20.50521717566669
                   5000     0.1938210165197606      9.958310732631405      4.765434698626846      4.028612376106632      4.869964536875051      2.408124429763264      2.790276034526014      8.473069217539519      19.36065156406253      30.20163875734814      18.60087918367482      11.39468584669807      10.48397208250467      16.06760565651305      28.32860912183035       36.7812333364625      20.53565206127584
                   5100     0.2026065542803087      9.918782701939532      4.725586241505274       3.98277913187601       4.87133445999325        2.4310199577587      2.805255413045448      8.489633932539052      19.38389917763777       30.2582307089047      18.66004693753358      11.45385360127464      10.54313983708124      16.12677341108958      28.38777621940881      36.71878997459981        20.495231645251
                   5200     0.2214009807570363      9.895359262005904      4.698223498245027      3.984820742571532      4.883271385854574      2.440671688998228       2.79568506206552      8.494898400971961      19.41117271267521      30.31503418731001      18.72822600120861       11.5220327086008      10.61131894440744      16.19495251841563      28.45595453691751      36.70317484278719      20.48309575526953
                   5300     0.2177524348074866      9.892019652750447      4.688763468978503      4.008646157207264      4.875974902703307      2.438859253237873      2.790211279529465      8.491343310795182       19.3733763505697      30.29171801381751      18.74111643424468      11.53932690001667      10.62574891695022      16.20775155185953      28.44644146934493      36.71633222664939      20.49644548032653
                   5400     0.2017905211585115      9.839936911218627      4.642319960484218       3.98128214831694       4.85408940863376      2.459332008407543       2.81844681088812      8.514510230798784      19.39096233942594      30.29463709817115      18.73038809355548      11.50851447533721      10.59440251249644      16.19863082187844      28.45506451880845      36.69319795320848      20.45658237391375
                   5500      0.158292617687347      9.843054805714896      4.645437854980486      3.984400042813208      4.857207303130028      2.462449902903811      2.821564705384389      8.517628125294991      19.39407989250004      30.23154053690648      18.60511443773798      11.35979965880505      10.45006735910929      16.08711094791364      28.37400101016193      36.69548416502064      20.45970026839054
                   5600     0.1606849625152289      9.834764847109632      4.654308586159425      3.998410590283572      4.860705717488187      2.461557529335686      2.808353959864728      8.513488554117684      19.37785817907551      30.24451608858447      18.62007265254036      11.37248084454828      10.46142623544638      16.10589709800666      28.40558123725055      36.70092291920597      20.45180979474181
                   5700     0.1868815647261235       9.87769551239534      4.690687183241566      4.006342277836133      4.852164974191127      2.459124145423586      2.786600187504369      8.505571370678593       19.3881026966731      30.28964927319821      18.68223473637243      11.42831944405172      10.50732062289854      16.15247476312336      28.45149779195319      36.76073569838264       20.5030780586564
                   5800     0.1947860198508178      9.929632566932222      4.742730470757127      4.057838793577858      4.864636219358633      2.416197745910334      2.772495913476634      8.510179192876365      19.41513880077932      30.29737557293101       18.6535544600409      11.40874077855428      10.49621723538883      16.14888147892437      28.45200265049724      36.80124609286215      20.55282873852838
                   5900     0.2039946659348627      9.928165683451581      4.737734084094049      4.062929623370242       4.88252985669838      2.411124087276562      2.767305818912938      8.518195071821273      19.43478175147809      30.32134649445473      18.68460339015497       11.4328526614433      10.52156852795624      16.18356097137065      28.49353419490176      36.79416002811588      20.54623915987825
                   6000     0.2103547849662568      9.853184580741903      4.664877168225325       3.98722375145305      4.867446825645483      2.445166372506672       2.81045587343228      8.560148755063356      19.47678123111987      30.36836020549301      18.73359552654004      11.48184480014681      10.57056066665974      16.23255311007416       28.5425261890365      36.78174989074308      20.50095941500813
                   6100     0.2072064450875649      9.840998916608124      4.650142181281597      3.985667614099126      4.871409539073688      2.448938325085596      2.812640049084435      8.567865536632903      19.49122438015116      30.37510424536427      18.73957324507046      11.48267452738973      10.56238702654344      16.22796982989209      28.55542633508063      36.77568401496654       20.4947831941962
                   6200     0.1684325798252597        9.8434479157202      4.652591180393679      3.988116613211204       4.87385853818577      2.451387324197675      2.815089048196513      8.570314535734125      19.49367130448905      30.31424438266448       18.6309583772273      11.36680042874219      10.45061685083339      16.12786015343757      28.45727482452777      36.77677366212429      20.49723219327253
                   6300     0.1583802073797588      9.806629423183479      4.632146700806099      3.963119471969219       4.86889805520313      2.466102223074887      2.827029784200017      8.575473374810988      19.49799304589056      30.31488046927339      18.63852481646582      11.36520782059686      10.45414129209896      16.13392456541929      28.45225792191486      36.73855608899896      20.45531674621575
                   6400     0.1639114387810285      9.780830779291964      4.597548945957613      3.928390686513931      4.839348960049215      2.483124793290973       2.85480782535288      8.602934134255054      19.52329770937549      30.32631666823619      18.67686827865039      11.40941943266329       10.4994801867927      16.17935724333363      28.49769238841024      36.69462285852101      20.42569376161867
                   6500     0.1675803818410988      9.755090333957353      4.568300624533165      3.875656522418094      4.807871231594405        2.5048359160391      2.889429758077905      8.633978370746789       19.5494670790584       30.3426930778143      18.70472820580886       11.4371801167959      10.52815391450525       16.2129427141187       28.5372134390615      36.66934447091771      20.40248345689557
                   6600     0.1452974282058744       9.74843067803517      4.564332804667834      3.873376230776157      4.804985152691847      2.508495801711593       2.89434220336272      8.640642377218997      19.55206220097369      30.29631086041175      18.66531163473237      11.38637271088571      10.47427757852483      16.15552447419591      28.48454396889711      36.65582609138308      20.39479308180155
                   6700     0.1506884728524444       9.69457896192255      4.505521230232787      3.838222364347761      4.797699618971603      2.531772609983515      2.923390370516312      8.653376672588866      19.56141685918709      30.33794686084641       18.7087791128163      11.42984018947361      10.51774505711273      16.19899195278373      28.52801091634501      36.63296671092827      20.36077920198065
                   6800     0.1669793250900391      9.679975279807708      4.472028669168117      3.821567426031691      4.799212401445228      2.535612203232919      2.941543262694021      8.683549566809312      19.58349610236341      30.37517440348159      18.75946343824171      11.47967946458476      10.56640927723034      16.24942415296438      28.58108309669452      36.63154438954224      20.35852683465297
                   6900     0.1740723190356329      9.629806214717615      4.426027716943185      3.783551612477212      4.784573376027878      2.560540659944451      2.968422455150615      8.712636540308134      19.62097295707462      30.41586586613431      18.79399543911221      11.51598014778294      10.60422638123289      16.28905331167742      28.62342081504904      36.62168963706761      20.32114192568453
                   7000     0.1557153954276085      9.624305769648345      4.409047599258617      3.765234948653304      4.786096843827807        2.5710522179748      2.981076315781158        8.7252928750737      19.63716907693134      30.39081367489056      18.73809039886882      11.47048118405911      10.56077266033072      16.23794001527559      28.58152483405818      36.61887876270503      20.31689175673639
                   7100     0.1290330755653425      9.631039603893528      4.403263767212104      3.754282389336048      4.789436544635939      2.577218782747131      2.988342871653513      8.734269855126591      19.64635921551783      30.33208960439551      18.66070264617441      11.39850686544805      10.49585111654449      16.16422241160341      28.49070215763386      36.62682040283638      20.32600179013252
                   7200     0.1059513714156107      9.643334165478045      4.415556580400714      3.766123915559135      4.793102367122136      2.570263452650215      2.986540821335962      8.737595960879164      19.65084846124202      30.30411955473022      18.59081118628315      11.31053265495052      10.39855463689726      16.08868701279253      28.44403284286169      36.63856826679915       20.3382963526173
                   7300    0.08782581753310884      9.659897519657159      4.432308640007359      3.782822808734716      4.801914346327742      2.561321964031764      2.977059774198232      8.732398693310042      19.63608974126729      30.26776597046079      18.53977186269015      11.25393415361004      10.33117691380435      16.02571390528123      28.40145536309237      36.65156671004933      20.35325562547364
                   7400    0.07394531953936312      9.672576536132686      4.438308557843072      3.783764039980592      4.788823770292096      2.563083732964096      2.980956080588804      8.731661563440358      19.63847932942628      30.22396122819395      18.48208310239097      11.19893657047748      10.28740277296336      15.99713615341061      28.39391523935463      36.65996040908708      20.36187713907677
                   7500    0.09324720030504478      9.672217801152238       4.44828656312408      3.791998641792817      4.791309411009053      2.555731640262152      2.972447670823271      8.727187935863563      19.63870727798461      30.26877883967414      18.53531743162445      11.25217093958877      10.34063714207469      16.05037052252193      28.44714947712995      36.67129252944591      20.36599199718441
                   7600     0.1150999166841492      9.688520853370543      4.462642743238148      3.788858971232184      4.783642196739019      2.559768012573794      2.960490534098152      8.719705146895006       19.6384566965577      30.31133554545359      18.59064710692592      11.30750072203462      10.39596692452072      16.10570030496795      28.50247887750665      36.69073960397183      20.39467567655795
                   7700     0.1310005737086562      9.665987175967144      4.438521752167094       3.78526102291941      4.778247027802018      2.558770347234091      2.974880830935239       8.74265744369387      19.66607250768843      30.35427780447907      18.63958142948452      11.35643508595196      10.44490128843811      16.15463466888513      28.55141235683534      36.68153491934812      20.38693227022721
                   7800     0.1318484582636456      9.688468252465084      4.455561014204132      3.795115270786833      4.791044258833088      2.550563866110863      2.961454588760094      8.734723738524321      19.64485940254772      30.33732230042438      18.64360210148889      11.35565171627548       10.4450941732323      16.16351138758615      28.55944220492628      36.68911036220321      20.40529801530181
                   7900     0.1358920803119422      9.645095886136009      4.422845534128468      3.779195573906286      4.785149373916417      2.564450617899567      2.975625553693519      8.753277594503732      19.64542140946515      30.36882420815594      18.67982703132126       11.3918766484814      10.48131910543822      16.19973631979203      28.59566661463525      36.65728460289185      20.36637612843316
                   8000     0.1259549619483027      9.663893754732982      4.439182437218771      3.795519689516084      4.798087759857139      2.554683322619008      2.963544493139328      8.737044805733607      19.62347688823748       30.3347861252924      18.64513345181525      11.35373684188446      10.44936341319285      16.17582643402093      28.58157732801292      36.67844106540883      20.38605429898269
                   8100     0.0965030201649794       9.66581361060447      4.441102293090254      3.797439545387575      4.800007615728622      2.556603178490499      2.965464349010819       8.73896466160476      19.62539631965457      30.29363757156045      18.57449240832211      11.28242480483187      10.35612437201192      16.07476979599738      28.49162997556669      36.67934531439147      20.38797415482819
                   8200    0.09269013943117931      9.682377077217961       4.45496245040135      3.810788900666625       4.81491842911383      2.543999537535926      2.956641918220226      8.735797762225554       19.6236012255887      30.26088231368292      18.53935778352971      11.26705479638644      10.34326152787689      16.06107959174575      28.48961835255799      36.69690848675189      20.40689544940675
                   8300     0.1090072049527393      9.668265051413405      4.453214354512729       3.82455456454642       4.83930818359774      2.529574314111566      2.948894367945898      8.745662966651464      19.64957131101422      30.30693549079064      18.58627686133321      11.31397387439378      10.39018060588422      16.10799866975304      28.53653702755233      36.67968197158411      20.38861091051827
                   8400     0.1176013092916752      9.636933900498116      4.425193699261592      3.794729339220635       4.83499145228024      2.545777511634632      2.964738347623106      8.768823614142127      19.66877917465445      30.33752033964328      18.62510203345722       11.3527990935541       10.4290058250446      16.14682388891343      28.57536212013406      36.66466657066751      20.35716458691689
                   8500     0.1229743908753885      9.641878331674988       4.42667145400104      3.805710585613473      4.845437648183633      2.544583948502271       2.95218841308572      8.749912660914148       19.6516275202462      30.34987486789494      18.64565943797889      11.37364904955092      10.45092435777747      16.16957129851273      28.60166411157437      36.66417003866149       20.3639870335146
                   8600     0.1014097946880646      9.637461593986542      4.421754249361351      3.805538968858224      4.848498254382921      2.549127711030407      2.952949654491785      8.749108695575655      19.64964114508415      30.27419309090078      18.57568374657616      11.32034169239039      10.40939478633866      16.13002583315571      28.56252123605493       36.6657946820181      20.36170783848115
                   8700    0.07423892424683243      9.639461196928947      4.423753852303749       3.80753857180062      4.850497857325319      2.551127313972803      2.954949257434182      8.751108298517797      19.65164016160917       30.2191904996445       18.4801055427525      11.22948092355387      10.32403052574267      16.05951299280105      28.52162191908639      36.66759561638879      20.36370744142124
                   8800    0.04728754022437519      9.641343086812356      4.425635742187153      3.809420461684024      4.852379747208723      2.553009203856207      2.956831147317586      8.752990188400551      19.65352137236894      30.17250655129028      18.39717484979572      11.15030572722048      10.24518226211492      15.98283676363583      28.44790435119792      36.66872175609057       20.3655893312879
                   8900    0.03985665592884647      9.625788897434511      4.421857930762483      3.808435236437772       4.84748855126298      2.556594174763251       2.96033165222666       8.75487398524416       19.6543194239393      30.15609814094796      18.37495548853091      11.12629418528085      10.23259252168575      15.98243974459981      28.45704766295762      36.65837316157319      20.34738135694153
                   9000    0.01377894820957812      9.627892923807886      4.423961957135863      3.810539262811143       4.84959257763636      2.558698201136623      2.962435678600032      8.756978011617411      19.65642316861114      30.11330469498232      18.28843781774526      11.04113292947263      10.14704688842232      15.90884291592033      28.39789431395143      36.65993303171353      20.34948538330467
                   9100   -0.01213047130517324      9.629850387266821      4.425919420594801      3.812496726270079      4.851550041084023      2.560655617237883         2.964380159327       8.75823270389597      19.65151225219447       30.0569683607766      18.20241579503203      10.96068250861956      10.07471246394288      15.84167222351502      28.33490969773257      36.66094620804585      20.35144284670806
                   9200   -0.03760643382483466      9.631933414083624      4.428002447411608      3.814579753086884      4.853633067900829      2.562738644054688      2.966463186143805      8.760315730712525      19.65359470585361      30.01345014257009      18.14285478437652      10.88743026377889      9.992532725933666      15.75320549432559       28.2501585040072      36.66204269102564      20.35352587349223
                   9300   -0.06029357174266288       9.63025976724068       4.42885164871922      3.817671742697435      4.858033004150704      2.564414456358081      2.966535308873522       8.76086914497057      19.64484203445778      29.96810108307332      18.07937243081264      10.82897544301268       9.93319276662211      15.68978830656572      28.17995168339544      36.65637688411101      20.34766419628539
                   9400   -0.08507223586219184      9.632444275097678      4.431036156576215      3.819856250554436      4.860217512007699      2.566598964215083      2.968719816730523      8.763053652827514       19.6470263052404      29.93207132228473      18.00942102551696      10.75473162921281      9.853403976840131      15.60039944924935      28.09915005813466      36.65784084052594      20.34984870413058
                   9500    -0.1094118036295067      9.634779528449261      4.433371409927807      3.822191503906023      4.862552765359291       2.56893421756667       2.97105507008211      8.765388906178131      19.64936093781241      29.90100459867705      17.94257222819283       10.6787010204002      9.769542489053892      15.51425790826089      28.01471400326261      36.65895625098992      20.35218395742962
                   9600    -0.1336846032041551      9.636899301326453      4.435491182805007      3.824311276783217      4.864672538236491      2.571053990443864      2.973174842959304      8.767508679053455      19.65147945158312      29.84570324481712      17.86006046989923      10.60614765236325      9.700635374626522      15.43710522374253      27.94127501828473      36.66043904283239      20.35430373029927
                   9700    -0.1574857940304493      9.639214344796628      4.437806226275167      3.826626320253367      4.866987579178867      2.573366646151664      2.975349179278472      8.768285112707158      19.64948622774626      29.78190050504249      17.78423208617404      10.53450334696883      9.627121457895521       15.3647788131459      27.87610672140148      36.66210426652855      20.35661877376019
                   9800    -0.1809673955310734      9.641578366214636      4.440170247693171      3.828990341671374      4.869351600596872      2.575730667569671      2.977713200696479      8.770649134124829      19.65184944380855      29.72164577435899      17.71085366913395      10.46116649264994      9.551646946841899      15.29107984591912      27.80520623402453      36.66327608253138      20.35898279510792
                   9900    -0.2037611223020583      9.644294078849967      4.442071505575815      3.828712010758405      4.871702488836674      2.578517144904492      2.980495104736986      8.773076852152887      19.64888015473619      29.66324291316336      17.64423957408419        10.396952353746      9.489215277681954       15.2224920249911      27.72128406159586      36.65677391584036      20.36062675457266
                  10000    -0.2036036490682886      9.665761307460428      4.465019141794685       3.85118138085137      4.883552206028797      2.564513319003065      2.964760770890932      8.757100714066368      19.62520125423033      29.64720726171862      17.63351819673503      10.38419176740496      9.476621828606627      15.21629651284759      27.71817944056564      36.66157605244678      20.37596995653826
