#! FIELDS time phi psi ene
#! SET min_phi -pi
#! SET max_phi pi
#! SET min_psi -pi
#! SET max_psi pi
 0.000000 1.15703 0.131359 -27.2478
 1.000000 0.842998 -0.243954 -25.064
 2.000000 1.02209 -0.0395113 -22.3434
 3.000000 1.01381 -0.828777 -29.9209
 4.000000 1.17819 -0.899357 -25.6252
 5.000000 0.915311 -1.02149 -27.8188
 6.000000 1.06493 -1.09739 -41.2184
 7.000000 1.07897 -0.893151 -10.791
 8.000000 0.916763 -0.40939 -37.9988
 9.000000 1.00425 -0.37004 -36.8016
 10.000000 0.990272 -0.944889 -38.1912
 11.000000 0.935019 -0.73952 -42.4092
 12.000000 0.856382 -0.70364 -26.6342
 13.000000 1.25076 -0.717814 -13.1703
 14.000000 1.19532 -0.420142 -37.8421
 15.000000 1.13989 -0.55887 -43.684
 16.000000 1.11679 -0.618928 -20.253
 17.000000 1.08805 -0.60562 -19.8862
 18.000000 1.1327 -1.24759 -15.0941
 19.000000 1.00199 -1.15078 -29.3557
 20.000000 1.12109 -0.68965 -28.6257
 21.000000 0.956016 -0.290171 -38.9368
 22.000000 1.06201 -0.554369 2.64523
 23.000000 1.23232 -0.515774 -13.1974
 24.000000 1.08788 -1.02908 -28.0816
 25.000000 0.874735 -0.855329 -25.7288
 26.000000 0.849201 -0.425887 -20.1721
 27.000000 0.983188 -0.621468 -7.58389
 28.000000 0.93488 -0.405818 -24.7218
 29.000000 1.07983 -0.600044 -39.9563
 30.000000 0.904772 -0.910656 -32.1054
 31.000000 0.853317 -0.70606 -20.8472
 32.000000 0.907319 -0.505204 -16.8083
 33.000000 0.956818 -0.318225 -21.3558
 34.000000 0.810424 -0.704231 -27.9513
 35.000000 1.12036 -1.35678 -14.0724
 36.000000 0.961062 -0.783077 -28.0215
 37.000000 1.02835 -0.360004 -37.0417
 38.000000 1.1895 -1.06087 -43.1369
 39.000000 0.987958 -1.12936 -35.8289
 40.000000 1.11253 -1.19768 -38.6235
 41.000000 1.11563 -0.644287 -28.2428
 42.000000 1.28599 -0.538556 -24.9558
 43.000000 1.07809 -0.453576 -44.927
 44.000000 0.948303 -1.08185 6.87704
 45.000000 1.01267 -1.53107 -15.641
 46.000000 0.951209 -1.00946 -2.44278
 47.000000 0.85452 -0.475159 -13.6202
 48.000000 1.22236 -0.468937 -30.4088
 49.000000 1.13935 -0.462106 -48.062
 50.000000 1.0619 -0.46692 -22.2279
 51.000000 1.14319 -0.464637 -34.0777
 52.000000 1.16731 -0.880053 -18.5515
 53.000000 1.08627 -0.874651 -21.7721
 54.000000 1.05591 -0.39925 -23.555
 55.000000 0.970504 -0.43108 -21.2847
 56.000000 1.07976 -0.910311 23.76
 57.000000 1.05165 -0.9268 -7.41803
 58.000000 1.05048 -1.16247 -35.8571
 59.000000 1.08541 -0.556091 -24.3502
 60.000000 1.00992 -0.160129 -18.3015
 61.000000 0.911357 -0.190736 -29.3162
 62.000000 1.14556 -0.971772 -28.1588
 63.000000 1.06748 -1.04027 -31.4381
 64.000000 0.963262 -0.290709 -11.5893
 65.000000 0.96318 -0.180772 -30.6342
 66.000000 1.19812 -0.510446 -32.5329
 67.000000 1.2619 -0.776658 -18.7957
 68.000000 0.900812 -0.941026 6.19852
 69.000000 0.922767 -1.05209 -6.56424
 70.000000 0.912706 -0.662669 -42.1784
 71.000000 1.01112 -0.91505 -35.0634
 72.000000 0.917704 -0.344512 -25.8799
 73.000000 1.25983 -0.489792 -2.68353
 74.000000 1.00483 -0.820851 -43.7671
 75.000000 0.943888 -0.771449 -31.0978
 76.000000 1.1931 -0.616489 -27.6549
 77.000000 1.11177 -0.561704 -21.9518
 78.000000 1.00774 -0.506292 -49.2347
 79.000000 0.780249 -0.663574 -25.8297
 80.000000 0.998708 -1.05735 -40.9037
 81.000000 1.0125 -0.957357 -19.9641
 82.000000 1.07515 -0.731398 -21.3439
 83.000000 1.18923 -0.402578 -15.9706
 84.000000 1.09916 -0.399007 6.17987
 85.000000 1.0741 -0.591093 -38.0132
 86.000000 0.913273 -1.10046 -26.9359
 87.000000 0.987989 -0.613933 -18.2156
 88.000000 0.996108 -0.195645 -36.7153
 89.000000 1.09856 -0.967267 -15.966
 90.000000 1.02112 -0.915755 -13.0123
 91.000000 1.3147 -0.856476 -3.3559
 92.000000 1.28393 -0.874067 -28.7013
 93.000000 1.10274 -0.838396 -26.9684
 94.000000 0.98722 -0.575334 -7.745
 95.000000 1.01347 -0.928494 -26.6536
 96.000000 1.04922 -0.940635 -24.4019
 97.000000 1.01916 -1.01683 -4.60339
 98.000000 0.975305 -0.46444 -31.5264
 99.000000 1.12125 -0.0523337 -8.9313
 100.000000 0.952244 -0.751732 -16.6506
 101.000000 0.901054 -0.927883 -27.4297
 102.000000 0.794058 -0.649716 -15.1367
 103.000000 0.952321 -0.24581 -28.6392
 104.000000 1.18981 -0.866473 -20.5866
 105.000000 0.969819 -1.61156 -14.8179
 106.000000 0.991195 -0.74148 -42.6242
 107.000000 1.06357 -0.219189 -3.13275
 108.000000 1.00857 -0.596322 -20.1558
 109.000000 1.04345 -0.295115 -25.317
 110.000000 1.05117 -1.10013 -24.476
 111.000000 0.875918 -0.744218 -28.0801
 112.000000 1.27176 -0.413175 -7.69116
 113.000000 0.914815 -0.313577 -26.396
 114.000000 1.02266 -0.256318 -35.0276
 115.000000 0.952392 -0.171736 -40.0287
 116.000000 0.98047 -0.918646 -22.0204
 117.000000 1.00458 -1.21027 -36.2824
 118.000000 0.991272 -0.539317 -39.8032
 119.000000 1.18486 -0.477895 -29.4723
 120.000000 1.10522 -0.99619 -13.6884
 121.000000 0.894037 -1.11042 -30.6916
 122.000000 1.20485 -1.09784 -27.9085
 123.000000 1.24082 -1.33847 -18.2365
 124.000000 0.842422 -0.525421 -21.3547
 125.000000 1.05446 -0.604566 -44.5978
 126.000000 0.910414 -1.02328 -26.9319
 127.000000 1.07797 -1.17941 -28.179
 128.000000 1.08313 -0.556096 -29.0774
 129.000000 1.02302 -0.834973 -37.398
 130.000000 1.04567 -0.869723 -36.8013
 131.000000 0.92886 -0.644483 -32.8947
 132.000000 1.13198 -0.416334 -20.2641
 133.000000 0.989782 -0.557551 -22.3758
 134.000000 0.858602 -0.906409 -16.74
 135.000000 1.10731 -1.59905 -20.4224
 136.000000 0.771926 -0.857444 -20.103
 137.000000 1.06341 -0.379841 -15.8529
 138.000000 0.981152 -0.73542 -16.2818
 139.000000 0.894861 -1.35333 -13.0702
 140.000000 0.959887 -1.14807 -19.5029
 141.000000 0.916561 -0.548175 -29.164
 142.000000 1.10413 -0.0867273 -30.5958
 143.000000 1.07163 -0.484266 -10.1633
 144.000000 0.995211 -0.950616 -25.8649
 145.000000 0.998704 -0.872111 -22.4306
 146.000000 1.24821 -0.710589 -8.76547
 147.000000 1.21395 -0.534656 -39.8751
 148.000000 0.97127 -0.562137 -25.8087
 149.000000 1.26766 -0.82834 -0.716522
 150.000000 0.981216 -1.12468 -22.6183
 151.000000 0.919114 -1.07089 -23.4013
 152.000000 1.26341 -0.661151 -30.7256
 153.000000 0.883468 -1.13995 -37.8554
 154.000000 1.04309 -0.409075 -20.9204
 155.000000 1.10314 -0.14286 -43.4294
 156.000000 1.03751 -0.589479 -12.8429
 157.000000 1.09569 -0.864074 -38.7422
 158.000000 0.920497 -0.357093 -26.2434
 159.000000 1.12593 -0.38752 -16.1681
 160.000000 0.928331 -0.342363 -21.8776
 161.000000 0.905714 -0.823568 -21.8579
 162.000000 1.1736 -0.831813 -21.8078
 163.000000 1.07857 -0.465107 -43.5049
 164.000000 0.90343 -0.395269 -2.04517
 165.000000 1.10375 -0.936356 -20.7946
 166.000000 1.22671 -1.22183 -25.3285
 167.000000 1.06147 -0.577301 -43.6946
 168.000000 0.822918 -0.273506 -29.9415
 169.000000 1.0371 -0.398408 -20.8767
 170.000000 0.91604 -0.798743 -27.2349
 171.000000 1.05878 -1.19041 -24.2136
 172.000000 1.04802 -0.700381 -26.4705
 173.000000 1.12623 -0.61236 -33.5191
 174.000000 0.874124 0.0292665 -21.8461
 175.000000 1.00649 0.0135484 -15.4511
 176.000000 1.2329 -0.63396 -32.957
 177.000000 0.712024 -1.06352 -27.4895
 178.000000 1.15197 -1.06842 -32.8453
 179.000000 1.25167 -0.660048 -21.7778
 180.000000 0.818925 -0.196732 5.03378
 181.000000 0.735837 -0.77377 -31.6837
 182.000000 0.877663 -1.0662 -39.5089
 183.000000 0.819266 -0.551295 -17.8889
 184.000000 0.981115 0.071148 -27.3054
 185.000000 1.03472 -0.713585 -25.347
 186.000000 1.00026 -1.04758 -46.1519
 187.000000 0.869951 -0.2574 -33.5496
 188.000000 1.35295 -0.480304 -23.1988
 189.000000 1.31897 -0.670795 -8.33365
 190.000000 0.898002 -0.872428 -31.693
 191.000000 1.09548 -1.16174 -34.0318
 192.000000 0.865257 -1.09797 -25.3727
 193.000000 0.843905 -0.87111 -32.2697
 194.000000 1.10296 -0.347959 -23.5006
 195.000000 1.2236 -0.724885 -4.44824
 196.000000 1.07446 -1.13163 -5.18201
 197.000000 1.02933 -0.784905 -29.3719
 198.000000 0.930947 -0.094148 -14.5069
 199.000000 1.04268 -0.845898 -34.1019
 200.000000 0.988223 -1.10377 -26.7546
 201.000000 1.08732 -0.814407 -36.4674
 202.000000 1.3016 -0.265244 -33.8247
 203.000000 1.08226 -0.815861 -22.7793
 204.000000 1.02162 -1.32331 -31.952
 205.000000 1.09145 -0.834926 -21.143
 206.000000 1.02185 -0.301479 -19.2504
 207.000000 1.16073 -0.547368 -29.2839
 208.000000 1.0818 -0.950844 -32.0539
 209.000000 1.12778 -0.896266 -27.0838
 210.000000 0.940349 -0.0705129 -30.0622
 211.000000 1.08208 -0.739489 -36.8593
 212.000000 1.05614 -1.31262 -20.6366
 213.000000 1.09492 -1.5579 -7.62274
 214.000000 0.887039 -1.04893 -19.9422
 215.000000 1.25269 -0.705988 -39.3772
 216.000000 1.06918 -0.447643 -22.5488
 217.000000 0.688348 -0.961371 -15.7973
 218.000000 1.00733 -1.31115 -35.6513
 219.000000 0.838451 -0.389559 -53.7461
 220.000000 0.887052 -0.0327117 -34.1504
 221.000000 0.975898 -0.642305 -32.07
 222.000000 1.02582 -0.711584 -28.2517
 223.000000 0.848111 -0.785144 -19.5998
 224.000000 1.0979 -0.808333 -12.7982
 225.000000 1.12261 -1.20074 -16.7435
 226.000000 0.867293 -0.976804 -12.8025
 227.000000 1.08402 -0.51055 -26.8394
 228.000000 1.02032 -0.474643 -19.3863
 229.000000 0.988528 -0.444192 -17.9742
 230.000000 0.866189 -0.565075 -17.3987
 231.000000 1.06075 -0.731455 -32.9376
 232.000000 1.16953 -1.10212 -16.3171
 233.000000 1.06502 -0.664578 -38.0356
 234.000000 0.946476 -0.572321 -18.7263
 235.000000 0.915939 -0.373877 -30.7838
 236.000000 0.913482 -0.431186 -27.8009
 237.000000 0.863489 -0.652345 2.9863
 238.000000 0.908263 -0.886111 -10.8619
 239.000000 1.04958 -0.767871 -17.8575
 240.000000 1.10342 0.0210804 -28.1464
 241.000000 0.78422 0.00111157 -7.11966
 242.000000 1.13062 -0.37098 -28.6928
 243.000000 1.1073 -0.975927 -31.271
 244.000000 1.36199 -1.12411 -15.571
 245.000000 1.06228 -0.338793 -24.0222
 246.000000 1.23005 -0.411688 -26.4436
 247.000000 0.881993 -0.507591 -14.5032
 248.000000 1.06622 -0.739728 -19.8522
 249.000000 1.07737 -0.746414 -21.2246
 250.000000 0.971101 -0.629952 -27.265
 251.000000 1.12436 -0.790293 -5.37054
 252.000000 1.20245 -0.925246 -15.0911
 253.000000 1.23813 -0.837522 -33.5811
 254.000000 1.0332 -0.448833 -4.01044
 255.000000 1.13216 -0.479368 -26.2615
 256.000000 0.941594 -0.447358 -15.476
 257.000000 0.866956 -0.915479 -16.7749
 258.000000 1.2039 -1.37322 -17.5781
 259.000000 1.24199 -0.85611 -43.5688
 260.000000 0.839948 -0.637902 -13.8055
 261.000000 0.776689 -0.280479 -24.49
 262.000000 0.944289 -0.654636 -25.4949
 263.000000 1.08533 -0.539787 -19.5146
 264.000000 1.22703 -0.564185 -32.3631
 265.000000 1.40383 -0.44905 -23.1768
 266.000000 1.02285 -0.461057 -11.818
 267.000000 1.20743 -1.32996 -22.67
 268.000000 0.810911 -1.22034 -20.8271
 269.000000 0.945265 -1.15392 -17.1898
 270.000000 1.20702 -0.584458 -28.7305
 271.000000 1.13631 -0.651507 -43.695
 272.000000 1.17558 -1.0009 -26.0339
 273.000000 0.874151 -0.597822 -12.3828
 274.000000 1.24094 -0.701299 -16.2871
 275.000000 1.19608 -0.821336 -26.3706
 276.000000 0.998286 -1.14076 -32.7136
 277.000000 0.835487 -0.559694 -34.6966
 278.000000 1.17258 -0.507136 -14.5641
 279.000000 1.16022 -0.512279 -9.28094
 280.000000 1.09424 -0.639724 -36.4867
 281.000000 1.18757 -0.789221 -23.5047
 282.000000 1.02445 -1.03933 -18.9905
 283.000000 0.922328 -1.01454 -33.4861
 284.000000 0.97651 -0.303471 -22.8089
 285.000000 1.05456 0.0288827 -38.9661
 286.000000 1.03526 -0.621402 -30.1616
 287.000000 1.00882 -1.67772 -18.7374
 288.000000 1.1815 -1.3797 -15.6592
 289.000000 1.05779 -0.913326 -39.4231
 290.000000 1.1504 -0.47798 -11.4808
 291.000000 1.03178 -0.625223 -31.913
 292.000000 0.879327 -1.02794 -19.9447
 293.000000 0.921149 -1.1172 -28.4718
 294.000000 1.10091 -0.764556 -13.378
 295.000000 1.09712 -0.273363 -20.7407
 296.000000 1.05892 -0.744518 -28.428
 297.000000 1.15774 -0.530412 -4.59863
 298.000000 1.17365 -1.04375 -35.6459
 299.000000 1.00952 -0.938843 -21.2856
 300.000000 1.19174 -0.667346 -25.7579
 301.000000 1.30476 -0.913331 -19.7874
 302.000000 1.05063 -0.70324 -25.5754
 303.000000 1.19659 -0.469445 -22.6479
 304.000000 1.20242 -0.709971 -32.1588
 305.000000 1.22302 -0.74378 -10.3341
 306.000000 1.08735 -0.625792 -1.70392
 307.000000 1.05785 -0.16102 -3.56958
 308.000000 1.13981 0.338349 -8.73224
 309.000000 1.12232 -0.600512 -18.3344
 310.000000 1.17889 -1.17496 8.30972
 311.000000 1.05222 -0.201041 -28.8268
 312.000000 0.953849 -0.124254 -40.7633
 313.000000 1.14683 -0.814847 -24.5922
 314.000000 1.22793 -1.04873 -25.9418
 315.000000 1.0269 -0.796108 -27.0258
 316.000000 0.880959 -0.329533 -23.6996
 317.000000 1.03859 -1.08166 -9.94464
 318.000000 1.1019 -1.33045 -16.9984
 319.000000 1.23743 -0.776459 -26.3951
 320.000000 0.9025 -0.111052 -31.8844
 321.000000 1.09508 -0.0743864 -27.9348
 322.000000 1.09647 -1.13921 -26.5022
 323.000000 0.88123 -1.03392 -31.3185
 324.000000 1.19375 -1.1288 -0.499542
 325.000000 1.014 -0.868143 -40.6148
 326.000000 0.941528 -0.799504 -26.7838
 327.000000 0.786482 -0.955555 -26.8248
 328.000000 1.13196 -0.750449 -17.5225
 329.000000 0.860644 -0.390019 -36.7188
 330.000000 1.12496 -0.40569 -37.5043
 331.000000 0.907777 -0.383051 -10.1404
 332.000000 0.830779 -0.764705 -19.2788
 333.000000 1.01287 -0.792209 -27.3535
 334.000000 0.986086 -0.490057 -37.7053
 335.000000 0.94527 -0.508081 -39.2941
 336.000000 1.00702 -0.610478 4.0871
 337.000000 0.919515 -0.611675 -22.4132
 338.000000 0.951347 -1.08442 -18.5179
 339.000000 1.08175 -1.00036 -41.7982
 340.000000 1.02505 -0.367131 -17.6241
 341.000000 1.09247 -0.30793 -29.6396
 342.000000 1.17439 -0.898301 -19.2625
 343.000000 1.10354 -1.08316 -20.5698
 344.000000 0.968081 -0.48231 -34.6487
 345.000000 1.10029 -0.176708 -5.79547
 346.000000 1.16933 -0.64832 12.0656
 347.000000 1.28547 -1.1229 -16.3425
 348.000000 1.15126 -0.649209 -31.672
 349.000000 1.02055 -0.370443 -34.1219
 350.000000 1.22084 -0.93048 -33.5207
 351.000000 1.01635 -1.45153 -16.6393
 352.000000 0.877132 -0.778446 -32.7445
 353.000000 1.31063 -0.318158 -19.3494
 354.000000 1.113 -0.668678 -22.2733
 355.000000 1.16996 -0.64333 -28.8022
 356.000000 1.06255 -0.826078 -34.5425
 357.000000 0.850237 -0.368856 -24.9085
 358.000000 0.982364 -0.660759 -26.5329
 359.000000 0.958411 -0.499893 -17.4353
 360.000000 0.988399 -0.662284 -41.6284
 361.000000 1.07824 -0.875942 -21.2557
 362.000000 1.25414 -0.797903 -20.7846
 363.000000 1.05659 -0.586529 -11.4563
 364.000000 0.98789 -0.546127 -20.9162
 365.000000 1.01456 -0.789878 -5.17511
 366.000000 0.946043 -0.907194 -32.8648
 367.000000 0.967648 -1.09886 -13.6656
 368.000000 1.07286 -0.773312 -44.8753
 369.000000 1.02637 -0.665584 -18.975
 370.000000 1.33782 -0.98156 -23.7253
 371.000000 1.03066 -0.429826 -18.0935
 372.000000 0.769909 0.0336253 -0.193695
 373.000000 0.969118 -0.648086 -35.7398
 374.000000 0.839056 -0.569149 -17.3366
 375.000000 0.84188 -0.989064 -11.5759
 376.000000 1.10831 -1.57626 -16.6386
 377.000000 1.08918 -0.851915 -17.0939
 378.000000 0.910541 -0.254086 -17.7019
 379.000000 1.00307 -0.234473 -23.5406
 380.000000 1.0691 -0.141498 -32.8265
 381.000000 0.830907 -0.67413 -4.34079
 382.000000 1.11049 -1.17673 -24.8008
 383.000000 1.16395 -0.926939 -14.3845
 384.000000 0.933393 -0.649549 -34.2025
 385.000000 0.994429 -0.749593 -29.6006
 386.000000 1.26473 -0.335714 -13.8524
 387.000000 0.933251 -0.295681 -12.6547
 388.000000 1.33019 -1.10762 -33.6402
 389.000000 1.0532 -0.924729 -15.2701
 390.000000 1.01728 -0.264248 -25.8071
 391.000000 1.03441 -0.576815 -18.2906
 392.000000 0.974434 -1.49199 -15.1406
 393.000000 0.9029 -0.681907 -24.1346
 394.000000 0.924138 -0.414522 1.92862
 395.000000 1.2269 -0.714418 -26.3743
 396.000000 0.964279 -0.0752748 -25.1122
 397.000000 1.14265 -0.4016 -27.7027
 398.000000 0.892583 -0.574472 -40.1651
 399.000000 1.19988 -0.977526 -21.9022
 400.000000 1.3532 -1.24878 -28.8164
 401.000000 1.01529 -0.991325 -36.6341
 402.000000 0.941425 -0.728145 -4.56073
 403.000000 1.02904 -0.626695 -7.54178
 404.000000 0.777493 0.0158286 -25.9632
 405.000000 0.758231 -0.176729 -36.5424
 406.000000 1.21115 -0.689167 -38.1509
 407.000000 1.1264 -0.858331 -9.72617
 408.000000 0.868658 -1.09471 -0.102142
 409.000000 0.975733 -1.25947 -40.9781
 410.000000 0.887454 -0.729042 -30.9096
 411.000000 1.09655 -0.406817 -11.7442
 412.000000 0.828977 -0.519032 -29.4779
 413.000000 1.03585 -1.39256 -22.6055
 414.000000 1.07347 -1.61672 17.5431
 415.000000 0.99863 -0.731029 -32.8557
 416.000000 0.987467 -0.32933 -35.1847
 417.000000 0.927115 -0.698463 -34.5307
 418.000000 1.01283 -0.754759 -39.5851
 419.000000 0.857592 -0.861997 -23.1271
 420.000000 1.14638 -1.14305 -25.2535
 421.000000 1.19467 -0.725323 -9.2525
 422.000000 1.05836 -0.475375 -17.7186
 423.000000 0.85937 -0.546314 -5.15485
 424.000000 1.22229 -1.14162 -17.5838
 425.000000 0.98831 -1.26225 -28.0586
 426.000000 0.817954 -0.971102 -18.0023
 427.000000 0.986072 -0.557311 -15.1253
 428.000000 0.802032 -0.173371 -45.8783
 429.000000 1.17349 -0.0715775 -14.3206
 430.000000 0.899241 -0.0542387 -24.728
 431.000000 1.1814 -1.1867 -46.9608
 432.000000 0.982838 -1.68508 -3.48038
 433.000000 1.09791 -1.45273 -9.58917
 434.000000 1.22562 -0.712086 -30.5698
 435.000000 0.969716 -0.115031 -23.9791
 436.000000 1.18639 -0.864188 -29.3078
 437.000000 1.115 -1.659 1.69748
 438.000000 0.897987 -1.15846 -28.9273
 439.000000 0.916195 -0.131824 3.15268
 440.000000 0.872826 -0.181813 3.88324
 441.000000 1.21309 -0.586717 -18.1693
 442.000000 1.02664 -0.908133 -12.3844
 443.000000 1.28556 -1.0255 19.4375
 444.000000 0.904019 -0.997184 -34.1887
 445.000000 0.954104 -0.540347 -38.9229
 446.000000 1.23673 -0.442847 -11.1682
 447.000000 1.11545 -0.543269 -37.904
 448.000000 1.02266 -0.961713 -29.7897
 449.000000 1.05837 -0.666306 -17.2841
 450.000000 0.991476 -0.891228 -21.843
 451.000000 1.13855 -0.882982 -23.8207
 452.000000 1.00427 -0.708103 -9.58096
 453.000000 0.847753 -0.0269206 -18.0635
 454.000000 1.15019 -0.226011 -16.7585
 455.000000 1.20622 -0.726409 -39.87
 456.000000 1.02221 -0.702283 -12.1739
 457.000000 0.922356 -0.105191 -33.1556
 458.000000 1.13406 0.0239047 1.53259
 459.000000 1.0073 -0.807216 -8.09668
 460.000000 1.04505 -1.43925 -13.8282
 461.000000 1.23716 -0.883714 -21.6101
 462.000000 0.904949 -0.0907931 -20.2333
 463.000000 0.986782 -0.0741238 -2.90265
 464.000000 0.990129 -0.581382 -21.3906
 465.000000 0.762255 -0.824494 -15.7833
 466.000000 0.962761 -0.472351 -29.5057
 467.000000 1.01547 -1.0888 -35.3556
 468.000000 1.1455 -0.620969 -22.1749
 469.000000 1.00236 0.152985 -26.1761
 470.000000 0.956445 -0.447728 -32.8375
 471.000000 1.0413 -1.10336 -27.1034
 472.000000 0.899923 -0.664947 -38.6304
 473.000000 1.37714 -0.438782 -9.3399
 474.000000 0.801885 -0.319497 -11.6489
 475.000000 1.05569 -0.577062 -7.18134
 476.000000 1.15138 -1.00318 -28.697
 477.000000 0.805079 -1.25739 -25.8995
 478.000000 1.23463 -1.2761 -1.28943
 479.000000 0.996069 -0.898687 -19.8759
 480.000000 1.15585 -0.343069 -30.0702
 481.000000 0.794854 0.040224 -22.4653
 482.000000 0.727058 -0.316461 -7.83234
 483.000000 0.945228 -0.921356 -36.6809
 484.000000 1.0831 -0.863371 -41.2825
 485.000000 1.03458 -0.533292 -8.6261
 486.000000 1.08087 -0.429422 -33.6891
 487.000000 1.10812 -0.931504 -29.6405
 488.000000 1.0784 -0.524803 -21.0153
 489.000000 1.04564 -0.747127 -34.6715
 490.000000 0.92515 -1.26426 -18.186
 491.000000 0.997196 -0.907055 -24.1822
 492.000000 1.10284 -0.704283 -11.9762
 493.000000 1.0572 -0.492768 -24.3947
 494.000000 1.03313 -0.518816 -29.8048
 495.000000 1.13875 -1.1446 -15.3985
 496.000000 0.970734 -0.655666 -21.2806
 497.000000 0.760157 -0.22263 -7.72324
 498.000000 1.02916 -0.725861 -37.6972
 499.000000 0.9634 -0.751184 -27.8864
 500.000000 1.17005 -0.832936 -46.6921
 501.000000 1.02988 -1.33408 -12.7067
 502.000000 1.12088 -1.22657 -40.2566
 503.000000 1.12612 -2.82765 -5.33868
 504.000000 0.969658 -0.861681 -20.2066
 505.000000 1.21757 -1.23236 -23.7433
 506.000000 0.899681 -0.779813 -13.3241
 507.000000 1.11278 -0.828832 -41.4621
 508.000000 1.15235 -0.442605 -19.8367
 509.000000 1.08389 -0.337922 -10.7821
 510.000000 0.977471 -0.414672 -38.4106
 511.000000 0.937948 -1.10796 -2.71002
 512.000000 1.01002 -1.10936 -7.52969
 513.000000 1.1855 -0.73731 -24.5891
 514.000000 1.09025 -0.556215 -37.2104
 515.000000 1.07003 -0.300808 -39.0235
 516.000000 0.997886 -0.81536 -60.3983
 517.000000 0.994088 -0.92735 -40.1114
 518.000000 1.02488 -0.349003 -7.08954
 519.000000 1.05972 -0.83891 -24.8729
 520.000000 1.03938 -1.17664 -42.5229
 521.000000 1.10824 -1.07067 -2.06702
 522.000000 1.04187 -0.539084 -7.55569
 523.000000 1.15497 -0.95645 -7.2352
 524.000000 1.07272 -1.19876 -11.7471
 525.000000 1.07429 -0.860561 -25.2724
 526.000000 0.878209 -0.427976 -11.6312
 527.000000 0.849601 -0.487153 -10.1409
 528.000000 1.14861 -1.04504 -14.0546
 529.000000 0.936904 -0.348176 -22.6329
 530.000000 1.1025 -0.513823 -24.151
 531.000000 1.16272 -1.19302 -31.3456
 532.000000 1.05785 -1.02039 -20.7993
 533.000000 1.14049 -0.573642 -29.7503
 534.000000 0.882196 -0.215243 -24.0643
 535.000000 1.03647 -0.613903 -16.9539
 536.000000 0.866875 -0.707124 -19.9347
 537.000000 0.989858 -0.751383 -32.8469
 538.000000 1.13328 -1.00641 -20.3139
 539.000000 1.36991 -0.862427 -18.0784
 540.000000 1.12592 -0.441568 -46.5976
 541.000000 0.836707 -0.331211 -16.0076
 542.000000 1.17951 -0.662316 -12.5288
 543.000000 0.983643 -0.537487 -15.0572
 544.000000 1.19133 -0.456895 -9.3295
 545.000000 0.716772 -0.21484 -17.651
 546.000000 0.98018 -0.298599 -30.2596
 547.000000 0.930294 -1.10922 -34.8857
 548.000000 1.0122 -0.893746 -36.6629
 549.000000 1.04531 -0.160213 -29.4859
 550.000000 0.995787 0.0305879 -8.15997
 551.000000 0.89809 -0.655155 -39.7079
 552.000000 1.24687 -1.29107 -34.0737
 553.000000 1.09221 -0.80576 -16.4813
 554.000000 1.16516 -0.434243 -22.6967
 555.000000 0.911184 -0.360792 -27.4326
 556.000000 0.933728 -0.316286 -12.357
 557.000000 1.26227 -0.959569 -32.1631
 558.000000 1.07278 -0.578714 -39.6541
 559.000000 0.979673 -0.129815 -40.6977
 560.000000 1.01563 -0.495331 -13.8111
 561.000000 1.10471 -1.11359 -30.8648
 562.000000 0.815642 -0.154898 -4.82391
 563.000000 1.18005 0.10361 -10.7283
 564.000000 0.794003 0.0797394 -29.5505
 565.000000 0.889254 -0.792061 -37.8297
 566.000000 1.21739 -1.22588 12.6521
 567.000000 0.923767 -0.607695 -37.0016
 568.000000 1.27168 -0.314968 -19.2095
 569.000000 1.0382 -0.933452 -9.69391
 570.000000 0.824946 -0.96715 -12.6011
 571.000000 0.960809 -1.10315 -41.4179
 572.000000 1.04977 -0.489284 -24.2076
 573.000000 0.97671 -0.323797 -31.7731
 574.000000 1.2276 -0.374677 -10.2768
 575.000000 1.06881 -0.720764 -18.7084
 576.000000 0.969146 -1.0157 -36.1691
 577.000000 1.02982 -1.16816 -25.7729
 578.000000 1.27846 -0.858938 -26.2449
 579.000000 1.23776 -0.627325 -13.8111
 580.000000 1.21656 -0.622155 -31.4989
 581.000000 0.811976 -0.539904 -27.8318
 582.000000 0.940555 -0.925489 -37.2242
 583.000000 1.0889 -1.15628 -42.3911
 584.000000 0.955567 -0.786017 -27.1049
 585.000000 0.87802 -0.217783 -38.4417
 586.000000 1.00717 -0.837248 -24.3872
 587.000000 0.840755 -1.48646 0.810059
 588.000000 0.981509 -0.563558 -28.1537
 589.000000 0.959185 -0.0320164 -18.4646
 590.000000 1.00935 -0.532571 -37.6305
 591.000000 0.813387 -0.909491 -30.0617
 592.000000 0.998282 -0.86086 -35.8196
 593.000000 1.15117 -0.886105 -24.6268
 594.000000 1.19477 -0.319872 -29.9208
 595.000000 1.03859 -0.463539 -8.86914
 596.000000 1.07764 -0.741745 -12.0091
 597.000000 1.14312 -0.746048 -21.1198
 598.000000 0.880387 -0.834306 -31.6377
 599.000000 1.04245 -0.396362 -24.2989
 600.000000 0.965638 -0.347853 -46.5815
 601.000000 1.08782 -1.04231 -38.9817
 602.000000 0.977335 -1.02394 -19.8165
 603.000000 1.29125 -1.03722 11.5119
 604.000000 1.07836 -0.588173 -35.2131
 605.000000 0.925914 -0.317123 -26.1352
 606.000000 0.858054 -0.388226 -13.7646
 607.000000 0.98912 -1.00906 -16.6422
 608.000000 0.822381 -1.17949 -3.65155
 609.000000 1.19938 -0.890219 -41.1037
 610.000000 0.930436 -0.330822 -1.79053
 611.000000 1.03395 -0.276555 -24.4662
 612.000000 1.26368 -0.916564 -38.0001
 613.000000 1.13892 -1.01094 -13.6552
 614.000000 1.06785 -0.798173 -4.66422
 615.000000 1.11412 -0.801346 -39.2947
 616.000000 0.925525 -0.280206 -21.0131
 617.000000 1.1784 -0.631883 -29.4849
 618.000000 1.08013 -1.21075 -22.4177
 619.000000 0.943368 -1.28887 -19.4285
 620.000000 0.769511 -0.424738 -11.2807
 621.000000 1.09584 -0.134196 -20.6072
 622.000000 0.967931 -0.676163 -33.7854
 623.000000 0.838548 -0.90607 -21.3972
 624.000000 0.802508 -0.0712399 -26.1817
 625.000000 0.90613 -0.382085 -1.94589
 626.000000 0.757743 -1.06546 -18.9989
 627.000000 1.18332 -1.01755 -14.2887
 628.000000 1.1268 -0.405922 -17.7498
 629.000000 1.13199 -0.646195 -42.397
 630.000000 1.0379 -1.1303 -30.7883
 631.000000 1.02081 -0.794881 -22.9586
 632.000000 0.982682 -0.0972365 -32.4478
 633.000000 1.02841 -0.675294 -27.0431
 634.000000 0.965297 -0.888091 -42.3347
 635.000000 1.0211 -0.150719 17.0182
 636.000000 0.852181 0.0719377 -20.4835
 637.000000 0.993101 -1.2684 -21.2252
 638.000000 0.938805 -1.31499 -29.8682
 639.000000 1.13366 -0.433833 -22.7044
 640.000000 1.07869 -0.137185 -34.7175
 641.000000 1.0947 -0.660731 -21.7028
 642.000000 1.12104 -0.800764 -31.2377
 643.000000 1.04738 -0.765272 -38.6849
 644.000000 1.06568 -1.18344 -27.9671
 645.000000 1.0043 -1.07667 -20.657
 646.000000 0.98685 -0.371175 -34.3124
 647.000000 1.08398 -0.103932 -19.0176
 648.000000 1.21156 -0.59994 -17.3156
 649.000000 1.08807 -1.02062 -44.4113
 650.000000 0.906866 -0.779976 -38.859
 651.000000 0.976509 -0.233208 -24.1697
 652.000000 1.00699 -0.625726 -2.58551
 653.000000 1.01979 -0.472146 -35.1655
 654.000000 1.0413 -1.27971 -30.5379
 655.000000 0.873274 -1.1698 -12.0592
 656.000000 0.996879 -0.393127 -19.9206
 657.000000 0.897862 -0.638999 -19.894
 658.000000 1.06648 -1.36491 -5.28949
 659.000000 1.33941 -1.38657 -3.03384
 660.000000 1.0156 -0.837574 -10.8011
 661.000000 1.27881 0.011365 -25.5302
 662.000000 1.30689 -0.667669 -41.8337
 663.000000 1.03548 -0.0095865 -5.18076
 664.000000 1.17414 -0.758079 -21.4209
 665.000000 1.1305 -0.916228 -20.653
 666.000000 1.21168 -0.630847 -25.5986
 667.000000 0.920779 -1.10227 -15.9223
 668.000000 0.894409 -0.627129 -25.6638
 669.000000 1.15522 -0.174201 -20.7379
 670.000000 0.857075 0.0331902 12.8984
 671.000000 1.16685 -0.993393 -13.6307
 672.000000 1.17106 -0.988258 -27.5245
 673.000000 1.00682 -0.288371 -24.426
 674.000000 0.98834 -0.54257 -33.3736
 675.000000 1.24565 -1.06746 -37.1048
 676.000000 1.21522 -1.18616 -0.00817871
 677.000000 0.856175 -0.968096 -8.35077
 678.000000 1.08175 -0.826687 -37.0804
 679.000000 1.08091 -0.254483 -34.7088
 680.000000 0.75551 0.119496 -3.52979
 681.000000 1.10067 -0.421994 -19.4396
 682.000000 0.903853 -0.981325 -0.205933
 683.000000 1.01687 -0.703797 -24.748
 684.000000 1.14447 -0.162902 -12.1111
 685.000000 0.971617 -0.499658 -30.6125
 686.000000 1.03841 -1.27121 -37.4059
 687.000000 0.640338 -1.54063 -23.118
 688.000000 0.74606 -1.35065 -5.55484
 689.000000 1.02019 -1.44004 -10.2704
 690.000000 1.08426 -0.52217 0.676971
 691.000000 1.09241 -0.530976 -24.228
 692.000000 0.93914 -0.128544 -23.454
 693.000000 1.07232 -0.539624 -10.8337
 694.000000 1.13316 -0.865098 -30.4786
 695.000000 1.09788 -0.895184 -33.4653
 696.000000 0.911984 -0.436888 -33.0852
 697.000000 1.06097 -0.3683 -30.0368
 698.000000 1.17368 -1.12291 0.348907
 699.000000 0.987695 -0.843505 -17.0243
 700.000000 1.0869 -0.778616 -20.0526
 701.000000 1.10293 -0.792489 -31.1342
 702.000000 1.09593 -0.776336 -27.8321
 703.000000 1.10226 -0.404177 -27.9207
 704.000000 1.0426 -0.762862 -32.8678
 705.000000 1.19743 -0.82988 -41.2373
 706.000000 0.855184 -0.606511 -40.4521
 707.000000 0.904461 -0.96721 -26.2188
 708.000000 1.06681 -0.642005 -14.5029
 709.000000 0.75953 -0.291318 5.05185
 710.000000 1.06033 -0.282674 -32.2971
 711.000000 0.902113 -0.293539 -24.422
 712.000000 0.65685 -0.128128 -6.64517
 713.000000 0.941015 -0.965303 -26.3047
 714.000000 1.17276 -0.889386 -31.2831
 715.000000 0.814391 -0.155375 -6.98056
 716.000000 1.09197 -0.129469 -44.1083
 717.000000 1.06113 -0.876089 -32.8139
 718.000000 1.17104 -1.17148 -31.3895
 719.000000 1.01528 -0.149113 -17.3951
 720.000000 1.20162 -0.524165 -15.7734
 721.000000 1.34948 -0.605014 -20.6382
 722.000000 1.02274 -0.382523 -22.5076
 723.000000 1.22783 -1.05053 -33.562
 724.000000 1.13407 -0.881963 -3.91129
 725.000000 0.878232 -0.425176 -27.4947
 726.000000 0.921962 -0.488251 -20.6343
 727.000000 0.980638 -1.08681 -26.5193
 728.000000 0.995799 -1.08753 -25.3077
 729.000000 0.68986 -0.251702 -15.9475
 730.000000 1.01047 -0.631878 0.31369
 731.000000 0.899484 -0.603539 -17.3109
 732.000000 1.02068 -0.947819 -29.439
 733.000000 1.05303 -0.964853 -2.36832
 734.000000 1.25701 -0.64826 -37.0678
 735.000000 1.21175 -0.620621 -19.0649
 736.000000 1.19007 -0.614536 -27.25
 737.000000 1.24177 -0.757732 -36.8453
 738.000000 1.20015 -0.883941 -36.4507
 739.000000 1.065 -1.15414 -26.5872
 740.000000 1.00813 -0.528655 -24.451
 741.000000 1.21508 -0.286334 4.46262
 742.000000 1.09042 -0.904448 -26.7964
 743.000000 1.04297 -1.16216 -16.4645
 744.000000 0.966407 -0.489011 -26.7456
 745.000000 0.982782 -0.0101503 1.99033
 746.000000 1.08114 -0.546916 -29.5224
 747.000000 0.994087 -0.674688 -16.3864
 748.000000 1.08497 -0.770717 -19.2102
 749.000000 1.00284 -1.15369 10.7596
 750.000000 1.07964 -1.00966 -34.3335
 751.000000 1.09976 -1.00201 -41.5495
 752.000000 0.853416 -0.726706 -34.1585
 753.000000 0.973701 -0.427185 -34.2026
 754.000000 1.08502 -0.54859 -28.3207
 755.000000 1.13381 -0.683678 -24.6516
 756.000000 1.00946 -0.757215 -19.1084
 757.000000 0.920741 -0.603032 -29.1951
 758.000000 0.904385 -0.804588 -11.9926
 759.000000 1.11058 -0.701126 -5.18631
 760.000000 1.09096 -0.801513 -19.5281
 761.000000 0.962706 -0.885115 -34.7894
 762.000000 1.12883 -0.975642 -18.7574
 763.000000 1.04143 -0.561717 -22.3673
 764.000000 1.21889 -0.416389 -26.631
 765.000000 1.12666 -0.475922 -36.6064
 766.000000 0.820122 -0.895574 -16.2251
 767.000000 0.824925 -1.06945 -8.14322
 768.000000 0.802478 -0.796588 -4.89108
 769.000000 1.02625 -0.454112 -27.9246
 770.000000 1.07925 -1.00423 -27.0966
 771.000000 0.975758 -0.865175 -32.3279
 772.000000 1.01529 -0.452091 -41.7023
 773.000000 1.25866 -0.637908 -10.5754
 774.000000 1.05402 -1.04361 -18.913
 775.000000 0.901047 -0.84107 -35.9682
 776.000000 1.16736 -1.08568 -22.977
 777.000000 1.04378 -0.921673 -26.5961
 778.000000 1.15639 -0.499535 -26.4612
 779.000000 0.997077 -0.597074 -44.8958
 780.000000 0.827988 -0.495949 -42.1681
 781.000000 0.886692 -0.877474 -26.8643
 782.000000 1.17736 -0.754583 -35.4787
 783.000000 0.966868 -0.135967 -36.5114
 784.000000 0.919392 0.0606127 -3.15234
 785.000000 0.991007 -0.408912 -0.419006
 786.000000 1.17452 -0.365062 -9.24347
 787.000000 0.964957 -0.784794 -2.46078
 788.000000 1.11607 -1.10509 -29.1111
 789.000000 1.10762 -1.50201 -15.2881
 790.000000 1.11107 -0.67221 -24.0688
 791.000000 1.00888 -0.174265 -3.7821
 792.000000 1.05803 -0.405046 -35.6048
 793.000000 0.931152 -0.973733 -14.0152
 794.000000 1.11936 -0.896404 -31.7934
 795.000000 0.910198 -0.432342 2.5127
 796.000000 1.18037 -0.701994 -35.9096
 797.000000 0.852425 -0.859497 0.651764
 798.000000 0.850962 -0.821532 -13.3906
 799.000000 0.9833 -0.760936 -48.9519
 800.000000 1.1746 -0.625748 -38.7094
 801.000000 0.942552 -0.732156 -21.6495
 802.000000 1.18913 -0.979416 -0.752686
 803.000000 0.759277 -0.431949 -11.9087
 804.000000 0.849026 0.0235246 -13.4784
 805.000000 0.762621 0.589069 0.629089
 806.000000 0.906311 0.00734796 -20.1852
 807.000000 1.02454 -0.86406 -27.3546
 808.000000 1.00309 -1.32964 -26.6605
 809.000000 1.09451 -1.18138 -18.2896
 810.000000 1.02188 -0.669977 -25.5614
 811.000000 0.97202 -0.470332 -26.0228
 812.000000 1.06124 -0.508039 -37.4467
 813.000000 1.12639 -0.876817 -26.2592
 814.000000 0.852247 -0.534885 -32.5329
 815.000000 0.848321 -0.0495769 -39.0625
 816.000000 1.15143 -0.511062 -6.66669
 817.000000 0.92778 -0.898277 -8.31998
 818.000000 0.982783 -0.844627 -41.1112
 819.000000 1.1232 -1.11644 -38.7444
 820.000000 0.945606 -0.641628 -32.3981
 821.000000 1.07402 -0.132164 -22.4664
 822.000000 0.857478 -0.207261 -27.9217
 823.000000 1.04708 -0.787799 -7.55423
 824.000000 0.975539 -1.1302 -3.81061
 825.000000 1.31615 -1.15444 -9.97888
 826.000000 1.05851 -0.606161 -41.3585
 827.000000 1.07856 -0.767099 -29.7812
 828.000000 0.890738 -0.705552 -12.5186
 829.000000 0.94691 -0.246952 -6.34973
 830.000000 0.966274 -0.563961 -35.1893
 831.000000 0.843553 -0.773771 -30.15
 832.000000 1.14984 -1.23436 -31.6276
 833.000000 1.23992 -0.791394 -30.2852
 834.000000 1.0893 0.000370903 -18.834
 835.000000 0.99071 -0.190879 -10.9203
 836.000000 1.13479 -0.922644 -37.9478
 837.000000 0.948284 -1.40623 -37.3846
 838.000000 1.04063 -1.58319 -14.2256
 839.000000 1.09968 -0.576169 -33.4712
 840.000000 0.849685 -0.410816 -19.0837
 841.000000 1.19669 -0.595445 -14.0241
 842.000000 1.18385 -0.843067 -18.2554
 843.000000 0.992803 -0.518685 -21.92
 844.000000 1.20252 -1.22307 -30.3933
 845.000000 1.19281 -0.662025 -28.2179
 846.000000 0.90995 -0.225207 -19.4265
 847.000000 1.29364 -0.438057 -21.6085
 848.000000 1.15303 -0.917326 -9.61676
 849.000000 1.06793 -0.923444 -43.4568
 850.000000 1.13945 -1.88678 -14.0111
 851.000000 0.931305 -0.958497 -28.8634
 852.000000 0.970299 -0.182911 -45.1536
 853.000000 1.24043 -0.198225 -27.8159
 854.000000 1.0487 -0.583134 -33.8105
 855.000000 1.23017 -1.00586 3.74585
 856.000000 0.85175 -0.901973 -17.9952
 857.000000 1.05844 -1.34796 -12.4812
 858.000000 1.14366 -1.23569 -23.3682
 859.000000 1.17999 -0.746792 -5.33774
 860.000000 1.19443 -0.490028 -34.0597
 861.000000 0.799737 -0.116652 5.27594
 862.000000 1.02023 -0.371813 -12.8242
 863.000000 1.30393 -0.535729 -34.1224
 864.000000 1.17014 -0.542622 -8.60855
 865.000000 1.34739 -0.868358 -9.0589
 866.000000 0.810244 -0.181984 -34.9422
 867.000000 0.858416 -0.658245 -16.2828
 868.000000 1.10155 -1.15035 -22.3039
 869.000000 1.23879 -0.9539 -36.4632
 870.000000 0.896601 -0.666641 -15.9492
 871.000000 0.964465 -0.0653415 -6.7532
 872.000000 1.21955 -0.744442 -28.4689
 873.000000 0.935678 -0.933417 -21.1425
 874.000000 1.07487 -1.23954 -33.1567
 875.000000 0.734821 -0.768101 -13.2164
 876.000000 1.09529 -0.736263 -12.6773
 877.000000 1.27984 -0.591773 -6.7384
 878.000000 0.875944 -0.515625 -24.6864
 879.000000 0.968151 -0.740645 -24.8804
 880.000000 0.763397 -1.01459 -33.1913
 881.000000 0.99844 -1.08845 -28.5739
 882.000000 1.14565 -0.609589 -19.5871
 883.000000 0.866094 -0.279289 -30.8716
 884.000000 0.992632 -0.998442 -24.4547
 885.000000 1.08643 -1.08871 -21.1638
 886.000000 0.834537 -0.646942 -16.7697
 887.000000 0.839357 -0.707363 -25.3456
 888.000000 0.955226 -0.703294 -13.0144
 889.000000 0.921847 -0.728118 -18.4554
 890.000000 0.781971 -0.370935 -19.774
 891.000000 1.06715 -0.742288 -30.5753
 892.000000 0.930075 -0.911465 -17.6242
 893.000000 1.31142 -0.762295 -22.0076
 894.000000 0.799033 -0.0513735 -25.5791
 895.000000 1.1569 -0.280845 -22.0183
 896.000000 1.15997 -1.25823 -25.2738
 897.000000 1.21305 -0.858646 -29.4679
 898.000000 1.0493 -0.687512 -12.7115
 899.000000 1.08446 -0.836922 -16.9361
 900.000000 0.55928 -1.07128 -29.4187
 901.000000 1.17139 -1.57028 -21.3005
 902.000000 0.756753 -1.14976 -10.8076
 903.000000 0.906885 -0.971608 -26.1711
 904.000000 0.808205 -0.185138 -31.9946
 905.000000 0.891294 0.167121 -32.759
 906.000000 0.962243 0.355489 -7.20242
 907.000000 1.11046 -0.212973 -25.5929
 908.000000 1.01656 -0.718497 -38.928
 909.000000 1.08838 -1.00005 -9.72644
 910.000000 1.06522 -1.09022 -26.9793
 911.000000 1.10971 -0.973733 -38.6124
 912.000000 1.1183 -0.342989 -13.8603
 913.000000 0.810529 -0.264117 -15.0329
 914.000000 1.05335 -0.550529 -20.7297
 915.000000 1.06797 -0.781273 -32.5377
 916.000000 1.08247 -1.03915 -28.3351
 917.000000 1.15136 -1.07147 -42.8785
 918.000000 1.04762 -0.262048 -23.2728
 919.000000 0.942829 -0.422522 4.30685
 920.000000 1.0213 -1.12502 -16.5302
 921.000000 1.14616 -0.506856 -3.43515
 922.000000 0.889991 -0.182529 -26.0551
 923.000000 0.988449 -0.784186 -43.8277
 924.000000 0.91756 -0.708639 -15.679
 925.000000 0.762548 -0.876797 -7.46683
 926.000000 0.834835 -0.732363 -24.3282
 927.000000 0.976511 -0.617819 -46.7148
 928.000000 0.938324 -0.685247 -47.0391
 929.000000 0.868141 -0.734608 -38.013
 930.000000 1.02352 -0.698241 -16.6362
 931.000000 1.20493 -0.536083 -45.6187
 932.000000 1.28161 -0.744847 -41.9959
 933.000000 1.09226 -0.610784 -14.1438
 934.000000 0.93344 -0.217749 -36.2365
 935.000000 0.995252 -0.553302 -48.7357
 936.000000 0.810027 -0.552916 -29.4579
 937.000000 1.07985 -0.548338 -29.4713
 938.000000 0.967961 -0.5631 -36.5212
 939.000000 1.05531 -0.884455 -36.7465
 940.000000 1.12834 -0.635645 -14.3224
 941.000000 1.07065 -0.498778 2.33508
 942.000000 1.05654 -0.865336 -44.0197
 943.000000 1.15129 -0.811418 -19.686
 944.000000 1.153 -0.767357 -24.3366
 945.000000 0.994401 -1.03345 -45.0888
 946.000000 1.22819 -0.774421 -33.6317
 947.000000 1.02698 -0.356078 -14.4233
 948.000000 1.32666 -0.579128 -3.17828
 949.000000 1.06932 -0.375819 -13.6649
 950.000000 1.01286 -0.217939 15.2123
 951.000000 0.917121 -0.395605 -25.197
 952.000000 1.1451 -0.445127 -18.377
 953.000000 0.870566 -0.270979 -20.0739
 954.000000 0.834024 -0.0369927 -22.7749
 955.000000 0.914593 -0.749196 -19.4167
 956.000000 0.818933 -1.07073 -18.7224
 957.000000 1.24881 -1.26833 -39.1575
 958.000000 1.2852 -1.19961 -13.7941
 959.000000 1.02381 -0.351702 -29.2107
 960.000000 1.02158 -0.328798 -19.2295
 961.000000 0.89216 0.185994 -9.27985
 962.000000 0.961355 -0.248218 1.14362
 963.000000 1.03578 0.0006314 -14.8772
 964.000000 0.94479 -0.651439 -6.72827
 965.000000 0.984642 -0.880061 -25.3146
 966.000000 1.20306 -0.52209 -28.7583
 967.000000 0.895338 -0.673655 -36.0326
 968.000000 1.04434 -0.547769 -14.9789
 969.000000 1.11268 -0.90564 -38.2487
 970.000000 1.27423 -1.04692 -20.3761
 971.000000 1.04514 -1.17795 -9.99042
 972.000000 1.19056 -0.722463 -16.0999
 973.000000 1.04785 -0.367809 -43.6732
 974.000000 1.13203 -0.526083 -13.104
 975.000000 1.3481 -1.22528 -8.12592
 976.000000 0.87593 -0.317162 3.24326
 977.000000 1.03381 -0.616589 -9.35934
 978.000000 1.23593 -1.45115 -4.879
 979.000000 1.04494 -1.0351 -1.18222
 980.000000 0.905632 -0.744018 -36.9174
 981.000000 1.06768 -0.748364 -19.5651
 982.000000 1.14409 -0.671824 -32.4612
 983.000000 1.01238 -0.594868 -28.4572
 984.000000 0.928677 -0.594185 -39.1856
 985.000000 1.07064 -0.754934 -19.5422
 986.000000 0.980641 -0.98064 -29.729
 987.000000 1.07801 -1.06553 -5.03427
 988.000000 1.04184 -0.429822 -43.3339
 989.000000 1.09894 -0.310849 -12.6288
 990.000000 0.959989 -0.262621 -32.4661
 991.000000 1.0183 -0.539797 -39.0763
 992.000000 1.03684 -0.792666 -36.9907
 993.000000 0.812044 -1.27968 -24.2981
 994.000000 0.997736 -0.703142 -23.6135
 995.000000 1.01351 -0.435168 -24.8514
 996.000000 1.06398 -0.889281 -25.1133
 997.000000 1.24583 -1.07687 -1.84464
 998.000000 1.1459 -0.517622 -5.8916
 999.000000 0.542213 -0.334907 -5.37723
 1000.000000 0.899033 -0.575384 -26.891
