#! FIELDS phi file.free der_phi
#! SET min_phi -pi
#! SET max_phi pi
#! SET nbins_phi  75
#! SET periodic_phi true
   -3.141592654   17.981339314  -48.771861296
   -3.057816849   14.326192239  -38.465856033
   -2.974041045   11.533972625  -28.301480981
   -2.890265241    9.553582546  -19.305740269
   -2.806489437    8.217591109  -13.102081246
   -2.722713633    7.276303421   -9.840298395
   -2.638937829    6.533567940   -7.922305102
   -2.555162025    5.979656068   -5.009109040
   -2.471386221    5.730505889   -0.862855121
   -2.387610417    5.837259596    3.067246575
   -2.303834613    6.182450721    4.756883157
   -2.220058809    6.574823197    4.389048230
   -2.136283004    6.896542810    3.394984020
   -2.052507200    7.142260574    2.632042062
   -1.968731396    7.295626844    0.660443197
   -1.884955592    7.162434898   -4.434591983
   -1.801179788    6.485926663  -11.937824416
   -1.717403984    5.180683808  -18.777595020
   -1.633628180    3.460985481  -21.386120663
   -1.549852376    1.761510415  -18.218061666
   -1.466076572    0.520845909  -10.852385206
   -1.382300768    0.000000000   -1.329913501
   -1.298524963    0.326271144    9.187440452
   -1.214749159    1.550439156   20.021374601
   -1.130973355    3.617370351   28.741743484
   -1.047197551    6.249924678   33.257153774
   -0.963421747    9.108960865   34.542833721
   -0.879645943   12.033779297   35.416593818
   -0.795870139   15.094748842   37.858813991
   -0.712094335   18.380870644   40.358867774
   -0.628318531   21.791195659   40.369672107
   -0.544542727   25.048801841   36.920543879
   -0.460766923   27.957131490   32.532963101
   -0.376991118   30.540832193   29.330977120
   -0.293215314   32.876198420   26.235900424
   -0.209439510   34.881323587   21.177536353
   -0.125663706   36.345358386   13.474193030
   -0.041887902   37.084419435    3.940626584
    0.041887902   36.981975403   -6.490662042
    0.125663706   35.962371637  -17.994769515
    0.209439510   33.954197448  -29.995200619
    0.293215314   30.967530078  -40.847703811
    0.376991118   27.225491589  -47.582319348
    0.460766923   23.190035732  -47.622271146
    0.544542727   19.421896740  -41.468446476
    0.628318531   16.340787556  -31.937126485
    0.712094335   14.038854104  -23.552989941
    0.795870139   12.277924263  -19.177648467
    0.879645943   10.741084205  -17.614508523
    0.963421747    9.365813083  -14.677803123
    1.047197551    8.429855850   -6.742026384
    1.130973355    8.387300480    6.375225411
    1.214749159    9.583661349   22.516636091
    1.298524963   12.173408831   39.234306508
    1.382300768   16.106603320   54.282227584
    1.466076572   21.185427330   66.321385220
    1.549852376   27.098439357   74.054173481
    1.633628180   33.446392041   76.690663826
    1.717403984   39.812353303   74.488792761
    1.801179788   45.804009135   67.903703697
    1.884955592   51.074220448   57.227950018
    1.968731396   55.306753738   43.441876422
    2.052507200   58.321715792   28.421702415
    2.136283004   60.099817527   14.309797245
    2.220058809   60.774196569    2.231644713
    2.303834613   60.517431750   -8.253637898
    2.387610417   59.365311483  -19.429020164
    2.471386221   57.223062537  -31.966677899
    2.555162025   53.984829364  -45.288194658
    2.638937829   49.690050902  -56.765531025
    2.722713633   44.569095318  -64.694409725
    2.806489437   38.963307339  -68.472440766
    2.890265241   33.208581007  -68.293826157
    2.974041045   27.615074247  -64.733600218
    3.057816849   22.461195634  -57.864033274
