#! FIELDS phi file.free der_phi
#! SET min_phi -pi
#! SET max_phi pi
#! SET nbins_phi  75
#! SET periodic_phi true
   -3.141592654   15.673021417  -46.308469232
   -3.057816849   12.166002278  -37.446649038
   -2.974041045    9.393889055  -28.811905246
   -2.890265241    7.326022217  -20.761368309
   -2.806489437    5.864588545  -14.446231587
   -2.722713633    4.848752135  -10.161191480
   -2.638937829    4.128377722   -7.146191704
   -2.555162025    3.655936542   -4.091408300
   -2.471386221    3.443072186   -1.105760091
   -2.387610417    3.455495544    1.078071202
   -2.303834613    3.585887643    1.855926816
   -2.220058809    3.757964601    2.370957671
   -2.136283004    4.009359260    3.932677952
   -2.052507200    4.428959686    6.203013769
   -1.968731396    4.983580242    6.460496145
   -1.884955592    5.378749544    2.119259879
   -1.801179788    5.236581737   -5.905435356
   -1.717403984    4.388251875  -13.969403892
   -1.633628180    3.013659543  -17.949313506
   -1.549852376    1.549280930  -16.008195575
   -1.466076572    0.449734063   -9.639513767
   -1.382300768    0.000000000   -0.773537276
   -1.298524963    0.358002069    9.456332223
   -1.214749159    1.602616308   20.265173351
   -1.130973355    3.686339545   28.866828237
   -1.047197551    6.316630631   33.023069239
   -0.963421747    9.128779569   33.649156771
   -0.879645943   11.950548806   33.873560019
   -0.795870139   14.861115111   35.862035760
   -0.712094335   17.970425791   38.171177046
   -0.628318531   21.196317937   38.184478399
   -0.544542727   24.278129832   34.953029579
   -0.460766923   27.038981086   31.027410468
   -0.376991118   29.523536244   28.497844869
   -0.293215314   31.816666364   25.984691613
   -0.209439510   33.805175805   20.874542391
   -0.125663706   35.202963237   11.991621547
   -0.041887902   35.731501500    0.300198060
    0.041887902   35.233282667  -12.129404230
    0.125663706   33.714075288  -23.868367977
    0.209439510   31.295360478  -33.527521707
    0.293215314   28.173884939  -40.451748450
    0.376991118   24.610920795  -44.033280179
    0.460766923   20.917419197  -43.507662326
    0.544542727   17.422931076  -39.365195617
    0.628318531   14.398399263  -32.602051180
    0.712094335   11.965350910  -25.673024438
    0.795870139   10.043969642  -20.547305842
    0.879645943    8.477800413  -16.838766813
    0.963421747    7.255404874  -11.935464541
    1.047197551    6.588829546   -3.277354899
    1.130973355    6.816952318    9.169322100
    1.214749159    8.200608389   24.182485763
    1.298524963   10.889020261   39.984924030
    1.382300768   14.854698508   54.286924328
    1.466076572   19.888751657   65.129851420
    1.549852376   25.631696595   71.186321178
    1.633628180   31.687944762   72.859141280
    1.717403984   37.764898358   71.865491316
    1.801179788   43.671259166   68.774203828
    1.884955592   49.184952821   62.038867625
    1.968731396   53.924921238   50.304961181
    2.052507200   57.501279936   34.486049151
    2.136283004   59.664521856   17.163535816
    2.220058809   60.399948411    0.727696389
    2.303834613   59.833479833  -14.045665410
    2.387610417   58.056926127  -28.231634305
    2.471386221   55.128725422  -41.489775867
    2.555162025   51.152835318  -52.970519876
    2.638937829   46.357318567  -60.891311241
    2.722713633   41.048532919  -65.153901691
    2.806489437   35.524511577  -66.287596609
    2.890265241   30.017676992  -64.757877768
    2.974041045   24.741325136  -60.854030346
    3.057816849   19.900173957  -54.391228798
