#! FIELDS phi file.free der_phi
#! SET min_phi -pi
#! SET max_phi pi
#! SET nbins_phi  75
#! SET periodic_phi true
   -3.141592654   14.079726527  -51.182489684
   -3.057816849   10.205564485  -41.255808294
   -2.974041045    7.177801316  -30.975192202
   -2.890265241    5.017822327  -20.711570836
   -2.806489437    3.666929097  -11.826673894
   -2.722713633    2.979367378   -4.980066218
   -2.638937829    2.781938433    0.036410188
   -2.555162025    2.956888610    3.910271907
   -2.471386221    3.394670609    6.141318502
   -2.387610417    3.930541292    6.160888056
   -2.303834613    4.372524936    4.166755632
   -2.220058809    4.622608412    1.981612859
   -2.136283004    4.742644854    1.293871949
   -2.052507200    4.878282185    2.250115600
   -1.968731396    5.087852183    2.435333623
   -1.884955592    5.191545346   -0.638655143
   -1.801179788    4.896784761   -6.755848888
   -1.717403984    4.047538506  -13.283996098
   -1.633628180    2.762239786  -16.671252127
   -1.549852376    1.402500650  -14.871593920
   -1.466076572    0.385345016   -8.793793888
   -1.382300768    0.000000000   -0.049984803
   -1.298524963    0.416345425   10.104117315
   -1.214749159    1.702437492   20.547681627
   -1.130973355    3.781733043   28.431622194
   -1.047197551    6.342577075   31.848235789
   -0.963421747    9.048991158   32.485472220
   -0.879645943   11.821816960   34.112989757
   -0.795870139   14.855451364   38.676342933
   -0.712094335   18.310029965   43.427777742
   -0.628318531   22.029864778   44.366776283
   -0.544542727   25.596029391   40.036853259
   -0.460766923   28.684664872   33.690975048
   -0.376991118   31.287950860   28.775755049
   -0.293215314   33.531085071   24.658553335
   -0.209439510   35.370493620   18.752374184
   -0.125663706   36.578119805    9.661844418
   -0.041887902   36.922627827   -1.649715955
    0.041887902   36.306756992  -12.849361427
    0.125663706   34.805019158  -22.654698792
    0.209439510   32.573797017  -30.331515881
    0.293215314   29.777424573  -36.077349711
    0.376991118   26.587257225  -39.708664820
    0.460766923   23.218376192  -40.189630844
    0.544542727   19.948687991  -37.310830026
    0.628318531   17.050732133  -31.568836076
    0.712094335   14.675512284  -25.259867361
    0.795870139   12.775743971  -20.405343091
    0.879645943   11.216436790  -16.798581801
    0.963421747    9.994127974  -11.935464541
    1.047197551    9.327552646   -3.277354899
    1.130973355    9.555675418    9.169322100
    1.214749159   10.939331488   24.182485763
    1.298524963   13.627743361   39.984924030
    1.382300768   17.591715162   54.223434633
    1.466076572   22.615316546   64.882698627
    1.549852376   28.321297932   70.487635366
    1.633628180   34.282962049   71.172464807
    1.717403984   40.154726184   68.546801650
    1.801179788   45.697377069   63.383141505
    1.884955592   50.676799666   54.807727252
    1.968731396   54.775581658   42.511090004
    2.052507200   57.740067185   27.987861813
    2.136283004   59.470943612   13.529179281
    2.220058809   60.041177695    0.407797923
    2.303834613   59.568999073  -11.676475865
    2.387610417   58.060225174  -24.452649253
    2.471386221   55.457692548  -37.718720204
    2.555162025   51.749978404  -50.530887926
    2.638937829   47.067070470  -60.762084858
    2.722713633   41.655059406  -67.728241873
    2.806489437   35.815902395  -71.065479721
    2.890265241   29.854532208  -70.670788620
    2.974041045   24.074918537  -66.849041554
    3.057816849   18.746333173  -59.976647707
