#! FIELDS phi file.free der_phi
#! SET min_phi -pi
#! SET max_phi pi
#! SET nbins_phi  75
#! SET periodic_phi true
   -3.141592654   13.606259847  -50.090667334
   -3.057816849    9.794569546  -40.862334773
   -2.974041045    6.774157547  -31.144813557
   -2.890265241    4.588677760  -21.094294537
   -2.806489437    3.209465428  -12.086056841
   -2.722713633    2.510422755   -5.008898487
   -2.638937829    2.313857302    0.032679399
   -2.555162025    2.479013148    3.623236808
   -2.471386221    2.869887416    5.276065563
   -2.387610417    3.305702152    4.656185900
   -2.303834613    3.603978330    2.318972317
   -2.220058809    3.705556112    0.404230459
   -2.136283004    3.729610516    0.682778365
   -2.052507200    3.869989656    3.015360870
   -1.968731396    4.201172444    4.520796685
   -1.884955592    4.517729339    2.259862365
   -1.801179788    4.476463750   -3.708793976
   -1.717403984    3.866020771  -10.727602178
   -1.633628180    2.758693766  -15.036519320
   -1.549852376    1.489986206  -14.341225817
   -1.466076572    0.470687404   -9.362587809
   -1.382300768    0.000000000   -1.480786828
   -1.298524963    0.267652122    8.028407893
   -1.214749159    1.359699477   18.018331405
   -1.130973355    3.214621634   25.633984404
   -1.047197551    5.538808693   29.087007638
   -0.963421747    8.034049186   30.287492517
   -0.879645943   10.662002767   32.896902298
   -0.795870139   13.634623085   38.343041359
   -0.712094335   17.072378392   43.184483567
   -0.628318531   20.739527329   43.216859051
   -0.544542727   24.156016457   37.643985446
   -0.460766923   27.016305057   30.841522421
   -0.376991118   29.412011875   26.923004510
   -0.293215314   31.587589813   25.051576614
   -0.209439510   33.570508674   21.759976272
   -0.125663706   35.120486512   14.650349434
   -0.041887902   35.921461699    4.035667666
    0.041887902   35.766837760   -7.707758614
    0.125663706   34.643316384  -18.841080335
    0.209439510   32.667408276  -28.038878315
    0.293215314   30.005460993  -35.124047201
    0.376991118   26.849804872  -39.823041971
    0.460766923   23.426136138  -41.403960905
    0.544542727   20.003501970  -39.751968195
    0.628318531   16.852677709  -35.100754168
    0.712094335   14.161024020  -29.102492443
    0.795870139   11.969476766  -23.309180396
    0.879645943   10.245728763  -17.704738078
    0.963421747    9.040566267  -10.682072537
    1.047197551    8.545125184   -0.617421202
    1.130973355    9.015739593   12.145674482
    1.214749159   10.634499874   26.726282797
    1.298524963   13.502923682   41.689741063
    1.382300768   17.565732517   54.845282132
    1.466076572   22.591773122   64.326404072
    1.549852376   28.209738144   69.031696080
    1.633628180   34.036021323   69.557322992
    1.717403984   39.801512105   67.763350135
    1.801179788   45.334554050   63.968248031
    1.884955592   50.415786481   56.560279418
    1.968731396   54.684807948   44.688393669
    2.052507200   57.823028771   29.842022160
    2.136283004   59.681153079   14.683205604
    2.220058809   60.315846944    0.786793417
    2.303834613   59.843570687  -12.063858141
    2.387610417   58.267423495  -25.694521196
    2.471386221   55.521259088  -39.911344361
    2.555162025   51.594055727  -53.493123987
    2.638937829   46.651680317  -63.857588723
    2.722713633   41.005757964  -70.069534792
    2.806489437   35.026346407  -72.005478595
    2.890265241   29.049480170  -70.150468691
    2.974041045   23.356817686  -65.416947725
    3.057816849   18.158506849  -58.417268974
