#! FIELDS phi file.free der_phi
#! SET min_phi -pi
#! SET max_phi pi
#! SET nbins_phi  75
#! SET periodic_phi true
   -3.141592654   15.367014896   -7.788954524
   -3.057816849   14.570561310  -11.285632157
   -2.974041045   13.478853162  -14.723291634
   -2.890265241   12.123587714  -17.426050093
   -2.806489437   10.609987161  -18.275264909
   -2.722713633    9.163044344  -15.600130236
   -2.638937829    8.109459814   -8.936318494
   -2.555162025    7.725442889   -0.179440441
   -2.471386221    8.021280355    6.494962249
   -2.387610417    8.657553458    7.609653800
   -2.303834613    9.139979537    3.212749971
   -2.220058809    9.130845944   -3.391135363
   -2.136283004    8.633054202   -7.893503428
   -2.052507200    7.916901558   -8.651719063
   -1.968731396    7.235368921   -7.561476159
   -1.884955592    6.607463327   -7.793655783
   -1.801179788    5.864836545  -10.319965494
   -1.717403984    4.848795462  -13.858440112
   -1.633628180    3.580932516  -16.044804103
   -1.549852376    2.241241789  -15.482708881
   -1.466076572    1.057132386  -12.394514392
   -1.382300768    0.230488381   -6.847146751
   -1.298524963    0.000000000    1.895713671
   -1.214749159    0.631588711   13.566310161
   -1.130973355    2.279670114   25.512028365
   -1.047197551    4.798057796   33.688421730
   -0.963421747    7.747496731   35.592638154
   -0.879645943   10.592918037   31.465738753
   -0.795870139   12.918102322   23.728338820
   -0.712094335   14.553139382   15.431632156
   -0.628318531   15.548286130    8.635172556
   -0.544542727   16.066427358    4.094222778
   -0.460766923   16.292270443    1.622034803
   -0.376991118   16.374536296    0.518917175
   -0.293215314   16.399143784    0.143802222
   -0.209439510   16.403654470   -0.000000000
   -0.125663706   16.403654470   -0.000000000
   -0.041887902   16.403654470   -0.000000000
    0.041887902   16.403654470   -0.000000000
    0.125663706   16.403654470   -0.000000000
    0.209439510   16.403654470   -0.000000000
    0.293215314   16.403654470   -0.000000000
    0.376991118   16.403654470   -0.000000000
    0.460766923   16.403654470   -0.000000000
    0.544542727   16.403654470   -0.000000000
    0.628318531   16.403654470   -0.000000000
    0.712094335   16.403654470   -0.000000000
    0.795870139   16.403654470   -0.000000000
    0.879645943   16.403654470   -0.000000000
    0.963421747   16.403654470   -0.000000000
    1.047197551   16.403654470   -0.000000000
    1.130973355   16.403654470   -0.000000000
    1.214749159   16.403654470   -0.000000000
    1.298524963   16.403654470   -0.000000000
    1.382300768   16.403654470   -0.000000000
    1.466076572   16.403654470   -0.000000000
    1.549852376   16.403654470   -0.000000000
    1.633628180   16.403654470   -0.000000000
    1.717403984   16.403654470   -0.000000000
    1.801179788   16.403654470   -0.000000000
    1.884955592   16.403654470   -0.000000000
    1.968731396   16.403654470   -0.000000000
    2.052507200   16.403654470   -0.000000000
    2.136283004   16.403654470   -0.000000000
    2.220058809   16.403654470   -0.000000000
    2.303834613   16.403654470   -0.000000000
    2.387610417   16.403654470   -0.000000000
    2.471386221   16.403654470   -0.000000000
    2.555162025   16.403654470   -0.000000000
    2.638937829   16.403654470   -0.000000000
    2.722713633   16.398576151   -0.118095597
    2.806489437   16.379315695   -0.411761167
    2.890265241   16.320593980   -1.072430553
    2.974041045   16.180429718   -2.475420407
    3.057816849   15.886457297   -4.704682280
