#! FIELDS phi file.free der_phi
#! SET min_phi -pi
#! SET max_phi pi
#! SET nbins_phi  75
#! SET periodic_phi true
   -3.141592654   15.673021417  -46.308469232
   -3.057816849   12.166002278  -37.446649038
   -2.974041045    9.393889055  -28.811905246
   -2.890265241    7.327279821  -20.732597692
   -2.806489437    5.870765733  -14.342659150
   -2.722713633    4.869697548   -9.891542428
   -2.638937829    4.183805760   -6.566691732
   -2.555162025    3.777727800   -3.072563053
   -2.471386221    3.668834826    0.334270340
   -2.387610417    3.810523428    2.652268280
   -2.303834613    4.060740608    3.048331772
   -2.220058809    4.298864657    2.694936293
   -2.136283004    4.534375781    3.244510403
   -2.052507200    4.863140607    4.802338768
   -1.968731396    5.289250301    4.884557160
   -1.884955592    5.561635367    0.818417347
   -1.801179788    5.329264618   -6.751379088
   -1.717403984    4.427720259  -14.415190951
   -1.633628180    3.027428758  -18.142261216
   -1.549852376    1.552790597  -16.077280905
   -1.466076572    0.450268881   -9.657660346
   -1.382300768    0.000000000   -0.773537276
   -1.298524963    0.358002069    9.456332223
   -1.214749159    1.602616308   20.265173351
   -1.130973355    3.686339545   28.866828237
   -1.047197551    6.316630631   33.023069239
   -0.963421747    9.128779569   33.649156771
   -0.879645943   11.950548806   33.873560019
   -0.795870139   14.861115111   35.862035760
   -0.712094335   17.970425791   38.171177046
   -0.628318531   21.196317937   38.184478399
   -0.544542727   24.278129832   34.953029579
   -0.460766923   27.038981086   31.027410468
   -0.376991118   29.527149324   28.590317695
   -0.293215314   31.834882574   26.271135869
   -0.209439510   33.863717934   21.602699555
   -0.125663706   35.352768572   13.497686675
   -0.041887902   36.048714748    2.797633307
    0.041887902   35.794431691   -8.903134507
    0.125663706   34.547334833  -20.789837121
    0.209439510   32.338186957  -31.778654161
    0.293215314   29.283359745  -40.623120574
    0.376991118   25.641348817  -45.570240176
    0.460766923   21.808922954  -45.036108916
    0.544542727   18.232331355  -39.660087015
    0.628318531   15.246990447  -31.431965602
    0.712094335   12.948578298  -23.823686701
    0.795870139   11.168075370  -19.220405332
    0.879645943    9.660463298  -16.839759136
    0.963421747    8.379157759  -13.276554149
    1.047197551    7.566649050   -5.309208453
    1.130973355    7.623168475    7.234785765
    1.214749159    8.866249612   22.796971076
    1.298524963   11.463612053   39.179431094
    1.382300768   15.382591201   53.973178239
    1.466076572   20.413120586   65.386852550
    1.549852376   26.207111922   72.138382031
    1.633628180   32.364326778   74.228655565
    1.717403984   38.548572789   72.897991466
    1.801179788   44.497728879   68.652869869
    1.884955592   49.942009005   60.534983790
    1.968731396   54.514824831   47.953444566
    2.052507200   57.888707386   32.138302272
    2.136283004   59.878428626   15.419783959
    2.220058809   60.498584346   -0.292911603
    2.303834613   59.871021976  -14.525707419
    2.387610417   58.068178933  -28.415577232
    2.471386221   55.130698135  -41.547661371
    2.555162025   51.152835318  -52.970519876
    2.638937829   46.357318567  -60.891311241
    2.722713633   41.048532919  -65.153901691
    2.806489437   35.524511577  -66.287596609
    2.890265241   30.017676992  -64.757877768
    2.974041045   24.741325136  -60.854030346
    3.057816849   19.900173957  -54.391228798
