#! FIELDS phi file.free der_phi
#! SET min_phi -pi
#! SET max_phi pi
#! SET nbins_phi  75
#! SET periodic_phi true
   -3.141592654   13.621583535  -48.771861296
   -3.057816849    9.966436459  -38.465856033
   -2.974041045    7.174216845  -28.301480981
   -2.890265241    5.193826767  -19.305740269
   -2.806489437    3.858572145  -13.080024796
   -2.722713633    2.920827106   -9.769988287
   -2.638937829    2.188159252   -7.738216358
   -2.555162025    1.657988413   -4.601250640
   -2.471386221    1.455801203   -0.138142402
   -2.387610417    1.637253594    4.114692656
   -2.303834613    2.079792156    6.019617222
   -2.220058809    2.580948607    5.690770560
   -2.136283004    3.011414879    4.713679516
   -2.052507200    3.376303475    4.223911036
   -1.968731396    3.693349968    3.066319303
   -1.884955592    3.816059929   -0.640830273
   -1.801179788    3.526378989   -6.504066128
   -1.717403984    2.738482393  -11.926479975
   -1.633628180    1.633689703  -13.660997782
   -1.549852376    0.595376994  -10.277082363
   -1.466076572    0.000000000   -3.573443239
   -1.382300768    0.012950862    3.826555116
   -1.298524963    0.613562843   10.257310206
   -1.214749159    1.703510783   15.648107375
   -1.130973355    3.185770665   19.434973059
   -1.047197551    4.916213757   21.573868469
   -0.963421747    6.813544745   23.776121293
   -0.879645943    8.961157556   27.863741585
   -0.795870139   11.544468426   33.927784630
   -0.712094335   14.620692134   39.024093174
   -0.628318531   17.972076429   40.047604752
   -0.544542727   21.200247372   36.400727457
   -0.460766923   24.042780009   31.483227030
   -0.376991118   26.523174503   28.001655273
   -0.293215314   28.757468936   25.252975260
   -0.209439510   30.713311270   21.053659064
   -0.125663706   32.211061020   14.407347717
   -0.041887902   33.070126992    5.812666991
    0.041887902   33.148415064   -4.142347087
    0.125663706   32.325014023  -15.751333345
    0.209439510   30.485032494  -28.278107785
    0.293215314   27.613599466  -39.820554779
    0.376991118   23.927543503  -47.284726112
    0.460766923   19.882220983  -48.184543685
    0.544542727   16.026014250  -43.012634452
    0.628318531   12.778791445  -34.297411434
    0.712094335   10.262382115  -26.206915885
    0.795870139    8.288633883  -21.515480932
    0.879645943    6.583177839  -19.271690353
    0.963421747    5.100004181  -15.629492090
    1.047197551    4.106692281   -7.197977107
    1.130973355    4.038847222    6.194746045
    1.214749159    5.226418666   22.465322116
    1.298524963    7.816718398   39.302197921
    1.382300768   11.762989941   54.540664258
    1.466076572   16.878459127   66.986615818
    1.549852376   22.875454650   75.448177129
    1.633628180   29.382324077   79.120542845
    1.717403984   35.992929149   77.840734272
    1.801179788   42.284578922   71.579590057
    1.884955592   47.847240531   60.409280961
    1.968731396   52.306502095   45.640325660
    2.052507200   55.464498687   29.669947926
    2.136283004   57.312372025   14.719813176
    2.220058809   57.977915232    1.534740480
    2.303834613   57.601012710  -10.467349737
    2.387610417   56.201385500  -23.034401438
    2.471386221   53.727342395  -36.097593581
    2.555162025   50.159138865  -48.881801051
    2.638937829   45.609069556  -59.223151255
    2.722713633   40.331967828  -66.030308219
    2.806489437   34.647951145  -69.070232887
    2.890265241   28.861138690  -68.512252894
    2.974041045   23.256816775  -64.799239747
    3.057816849   18.101439855  -57.864033274
