#! FIELDS time rct DeltaF_300 DeltaF_547.723 DeltaF_1000
#! SET print_stride  100
                    100                      0  7.572228979209093e-18      5.515392459754032      4.005801629814107
                    200    -0.7028323020701027  7.572228979209093e-18      3.571478620331571     -10.14288903794452
                    300    -0.2516801220325404  7.572228979209093e-18      3.550985153220767     -10.10530408954086
                    400   -0.04085576434630144  7.138548110214892e-18      3.792121420489492     -9.922041865208156
                    500     0.1163488945126874  7.138548110214892e-18      4.059733463441418     -9.636355508872265
                    600     0.1132813945040861  6.921707675717791e-18      4.047968594392082     -9.569182776155374
                    700    0.06064440999268295  6.921707675717791e-18      4.020648422752947     -9.636654879297103
                    800    -0.1071315382198248  6.921707675717791e-18      3.958671614207669      -10.0845957416434
                    900    -0.2157733473160035  6.921707675717791e-18      3.879863375701563     -10.40007834927971
                   1000    -0.3848107504845995  6.921707675717791e-18      3.742093536587454     -10.88638316358876
                   1100    -0.4326029702539455  6.921707675717791e-18      3.763624991885044     -11.18937996150928
                   1200    -0.4409778413321357  6.921707675717791e-18      3.722730595828575     -11.30936957580733
                   1300     -0.414510425202132  6.921707675717791e-18      3.659140817456126     -11.28622538446162
                   1400    -0.4360489757291913  6.921707675717791e-18      3.602350408667871     -11.40103957299096
                   1500    -0.4604386578311429  6.921707675717791e-18      3.524720281225385     -11.50707230737503
                   1600     -0.441930564443078  6.921707675717791e-18      3.521551882819254     -11.55190252453697
                   1700    -0.4611398402022124  6.921707675717791e-18      3.508518438266081     -11.69115675117814
                   1800    -0.4134761758237296  6.921707675717791e-18      3.511480593622505     -11.63891400193376
                   1900    -0.3258108712732229  6.921707675717791e-18      3.544929020129488     -11.47703193071856
                   2000    -0.2519216861124877  6.921707675717791e-18      3.596954031906515     -11.35559712340992
                   2100    -0.2063404507729445  6.921707675717791e-18      3.635888387812769     -11.29433650754341
                   2200    -0.1750454991252683  6.921707675717791e-18      3.653499911341196     -11.24748014831861
                   2300    -0.1379988350653882  6.921707675717791e-18      3.669732908754474     -11.17549660387941
                   2400    -0.1000674291097465  6.921707675717791e-18      3.705726205343237     -11.11375333506052
                   2500    0.01236027651893952  6.921707675717791e-18      3.837880035285269     -10.91448450031464
                   2600    0.08644334051853071  6.921707675717791e-18      3.928732728097586     -10.77565727968597
                   2700    0.09114374103165668  6.921707675717791e-18      3.932199106363438     -10.75394569967575
                   2800     0.1458990190843522  6.921707675717791e-18      3.997946478994646     -10.64325265195949
                   2900      0.140126198450323  6.921707675717791e-18      3.976206820776673     -10.62274877173971
                   3000      0.129714778019298  6.921707675717791e-18      3.952667378675863     -10.61664424683315
                   3100     0.1069106060786243  6.921707675717791e-18      3.926750882671905     -10.64699133777765
                   3200    0.08814435049815408  6.921707675717791e-18      3.902802718063535     -10.66978134422935
                   3300    0.07476862249272996  6.921707675717791e-18      3.883255994306237     -10.68255538235998
                   3400    0.08116642176161118  6.921707675717791e-18      3.879959382670071     -10.65316946791433
                   3500    0.07330499053238854  6.921707675717791e-18      3.872820667454083     -10.66253970319813
                   3600    0.04301177638643187  6.921707675717791e-18      3.836734297026326     -10.71228743119716
                   3700    0.02312898324054768  6.921707675717791e-18      3.823461632323047     -10.75596682879396
                   3800   0.004460915553665378  6.921707675717791e-18      3.804388231047891      -10.7918680948171
                   3900   -0.01743242714644315  6.921707675717791e-18      3.793266438568202     -10.84657268004799
                   4000  -0.009570251841140815  6.921707675717791e-18      3.795872783997086     -10.82669861504254
                   4100   0.008624422139184663  6.921707675717791e-18      3.811732042677163     -10.78857748338808
                   4200    0.02687319939168246  6.921707675717791e-18      3.831986145400063     -10.75253717453007
                   4300    0.02619901684170421  6.921707675717791e-18      3.828707442657951     -10.74970015519882
                   4400    0.02779385220978225  6.921707675717791e-18      3.824623188215276      -10.7389858387754
                   4500    0.04227063150119675  6.921707675717791e-18      3.852291741273885     -10.72070743171248
                   4600    0.05010762981223039  6.921707675717791e-18      3.853916701332558     -10.69570267035035
                   4700    0.06140839526507626  6.921707675717791e-18       3.86259382812811     -10.66667520903721
                   4800    0.05223882696194342  6.921707675717791e-18      3.847644136544372     -10.67574669759386
                   4900    0.04288165757662272  6.921707675717791e-18       3.83160109035917     -10.68465743779765
                   5000    0.04581453259057928  6.921707675717791e-18      3.836774522707362     -10.67864502373745
                   5100    0.06342130204763631  6.921707675717791e-18      3.849322518093021     -10.63492422217729
                   5200    0.06773908140766563  6.921707675717791e-18      3.849639584734716     -10.61829645034065
                   5300    0.05748040953945117  6.921707675717791e-18       3.84049227423925     -10.63634391809653
                   5400    0.06079239827058498  6.921707675717791e-18      3.835516381658908     -10.61818544555077
                   5500     0.0563318018087473  6.921707675717791e-18      3.825957033997405      -10.6186810140002
                   5600    0.04673426610758794  6.921707675717791e-18      3.816705165036032     -10.63539875552744
                   5700    0.03949690014868461  6.921707675717791e-18      3.804771798544919     -10.64279593874968
                   5800    0.01344015980112685  6.921707675717791e-18      3.777997227253098     -10.69279256400195
                   5900  0.0008067153763846139  6.921707675717791e-18      3.770362335264792     -10.72279275421066
                   6000  -0.009703616549303315  6.921707675717791e-18      3.753961852822145     -10.73806981440288
                   6100    -0.0264082447801968  6.921707675717791e-18      3.734488304146851     -10.76960956186042
                   6200   -0.03340759094556649  6.921707675717791e-18      3.720049619278631     -10.77764841462077
                   6300   -0.03535864938296327  6.921707675717791e-18      3.710739850612681     -10.77595501766701
                   6400   -0.03517140075048802  6.921707675717791e-18      3.708093752939211     -10.77448117850463
                   6500   -0.01994330652402757  6.921707675717791e-18      3.716334026700298     -10.73831252989902
                   6600   0.008996417368866038  6.921707675717791e-18      3.748260631014562     -10.68359922097656
                   6700    0.02436462191715677  6.921707675717791e-18      3.762063976560455     -10.65042357345738
                   6800    0.02762639135492643  6.921707675717791e-18      3.764568671772296     -10.64203297757171
                   6900    0.03462674363433953  6.921707675717791e-18      3.769523026985294     -10.62463657797912
                   7000    0.03711609686933798  6.921707675717791e-18      3.765388537718545     -10.61141391826179
                   7100    0.03022115980884735  6.921707675717791e-18       3.76005646512133     -10.62527744688315
                   7200    0.02720124704089174  6.921707675717791e-18       3.74984799034702      -10.6229873214437
                   7300    0.02778693277770818  6.921707675717791e-18      3.744356027964263     -10.61456543085791
                   7400    0.03835694068162789  6.921707675717791e-18      3.755103342169414     -10.59214065248547
                   7500    0.04197636842486369  6.921707675717791e-18      3.758946362937767      -10.5834333385547
                   7600    0.04122148421604006  6.921707675717791e-18      3.756734006290464     -10.58183681071385
                   7700     0.0500461695521201  6.921707675717791e-18      3.766084133854136       -10.562875716135
                   7800    0.05873495031775462  6.921707675717791e-18      3.777478489284311     -10.54622328613847
                   7900    0.07185849504826873  6.921707675717791e-18      3.786730199729561     -10.51365532812971
                   8000    0.07898015515384577  6.921707675717791e-18      3.793557626900065     -10.49630716181545
                   8100    0.07185184574661659  6.921707675717791e-18       3.78390407378603     -10.50521583540826
                   8200    0.06422077014764273  6.921707675717791e-18      3.774991347494959     -10.51675692770401
                   8300     0.0619710953209002  6.921707675717791e-18      3.773107338571295     -10.51934755602778
                   8400    0.05486115296170294  6.921707675717791e-18      3.764992289499097     -10.53049146716397
                   8500    0.06586755170601759  6.921707675717791e-18      3.780706908569072     -10.51106313004479
                   8600    0.05434199157733825  6.921707675717791e-18      3.771098610616892     -10.53387502462065
                   8700    0.05565314764633852  6.921707675717791e-18      3.775865080814413     -10.53285024835983
                   8800    0.05767551908224665  6.921707675717791e-18      3.774873834820553     -10.52387494727149
                   8900    0.06424581127293678  6.921707675717791e-18      3.783172398150449     -10.51035976971278
                   9000    0.07469386550342108  6.921707675717791e-18      3.795161866062394     -10.48867154903715
                   9100    0.09721358295829867  6.921707675717791e-18       3.82001405772344     -10.44315028028401
                   9200     0.1131173156985328  6.921707675717791e-18      3.837807826475987     -10.40978702645513
                   9300     0.1229173422955731  6.921707675717791e-18      3.850189103260995      -10.3889759094847
                   9400     0.1377144519169366  6.921707675717791e-18      3.870172468672441     -10.36043028709491
                   9500     0.1396567554340941  6.921707675717791e-18      3.870883500054002     -10.35094631062882
                   9600     0.1385465680988898  6.921707675717791e-18      3.869458677115787      -10.3485549326157
                   9700     0.1293592055107022  6.921707675717791e-18      3.863106489070658      -10.3656713826426
                   9800     0.1255992813896689  6.921707675717791e-18      3.857679815961364     -10.36760509327913
                   9900     0.1217635345575131  6.921707675717791e-18      3.857043605272208     -10.37480689064726
                  10000     0.1213940489492061  6.921707675717791e-18      3.858825150285982     -10.37412463832491
