#! FIELDS time rct DeltaF_300 DeltaF_547.723 DeltaF_1000
#! SET print_stride  100
                    100                      0  8.653975976238964e-18      10.49790335001819      12.00095133640389
                    200    -0.9617103383774865  8.653975976238964e-18      1.289121546616721     -12.16905109113673
                    300    -0.2708363249569514  8.653975976238964e-18      2.254542089010959     -11.65075781155726
                    400    0.03394999143975802  8.653975976238964e-18      2.603260106396978     -11.37683377343702
                    500     0.1834468928829718  8.653975976238964e-18      2.684736564071224     -11.01031512015094
                    600     0.5332764472292719  8.653975976238964e-18      3.224982252443649     -10.26595744517428
                    700     0.6254596606580313  8.653975976238964e-18       3.42483893500531     -9.891672255921318
                    800     0.8037225788492667  8.653975976238964e-18      3.765062500805619     -9.420319081558622
                    900     0.8573422984055183  8.653975976238964e-18      3.926346018950069     -9.133513400787223
                   1000     0.7004412116705695  8.653975976238964e-18      3.854110775469686     -9.290009443343223
                   1100     0.5895123363348148  8.653975976238964e-18      3.826618827165816     -9.411664644758577
                   1200     0.3593357331382517  8.653975976238964e-18      3.779695605799353     -9.931666743963003
                   1300     0.1488058150486213  8.653975976238964e-18      3.684530091950946     -10.40456343916057
                   1400     0.0419502664249261  8.653975976238964e-18      3.577009942577432     -10.59763241389173
                   1500  -0.009131824654234771  8.653975976238964e-18      3.509422677491309     -10.67919927551151
                   1600    0.01222516566974542  8.653975976238964e-18      3.531703926442258      -10.6383996168415
                   1700   -0.01221984265368429  8.653975976238964e-18      3.489548468263256     -10.67097215821306
                   1800   -0.06715967863163681  8.653975976238964e-18       3.41476447163788     -10.76680020664045
                   1900   -0.05772033458692771  8.653975976238964e-18      3.438461092672414      -10.7759834704144
                   2000    -0.0934149174305592  8.653975976238964e-18       3.38439905528877     -10.84067001677734
                   2100    -0.1650450805736282  8.653975976238964e-18      3.312789105039874      -11.0059311719894
                   2200    -0.0999598562316973  8.653975976238964e-18       3.37692234277154     -10.89534818896316
                   2300   -0.04292861999743611  8.653975976238964e-18      3.418306382657017     -10.77526037938566
                   2400   0.004352232220312067  8.653975976238964e-18      3.477701251505247     -10.69411300379364
                   2500   0.006812446777181947  8.653975976238964e-18      3.468132143918112     -10.67563084150442
                   2600    0.01683179736029748  8.653975976238964e-18      3.465036522056689      -10.6416475140575
                   2700    0.02865532377371805  8.653975976238964e-18       3.46256858925591     -10.60277380204701
                   2800     0.1343932456770165  8.653975976238964e-18      3.605868311329483     -10.41958078011612
                   2900     0.1238234430933833  8.653975976238964e-18      3.587917038595025     -10.41932345872192
                   3000     0.1373164707756845  8.653975976238964e-18      3.605920084352323      -10.3842670639001
                   3100     0.1428418499958435  8.653975976238964e-18      3.615063840792877     -10.36208148759198
                   3200     0.1308555314223036  8.653975976238964e-18      3.600498526312236      -10.3704555007676
                   3300     0.1781487989992029  8.653975976238964e-18        3.6624614631299     -10.27635999519275
                   3400     0.2422059357970698  8.653975976238964e-18      3.749643600251844     -10.15329675311639
                   3500     0.2542145838095796  8.653975976238964e-18      3.763488852344626     -10.10944146473797
                   3600     0.2513376189491894  8.653975976238964e-18      3.760216933457436     -10.09398788433218
                   3700     0.2552509841360058  8.653975976238964e-18      3.757985123366786      -10.0596690918028
                   3800     0.2380282209132254  8.653975976238964e-18      3.755800086886315     -10.08940681142338
                   3900     0.2045945441502982  8.653975976238964e-18       3.72934935242489      -10.1462090271058
                   4000     0.1937365375581639  8.653975976238964e-18      3.713250867878991     -10.14745080539476
                   4100     0.1679248787045814  8.653975976238964e-18      3.681338364447793     -10.18001442243273
                   4200     0.1429750005548639  8.653975976238964e-18      3.657315479732063     -10.21941731108491
                   4300      0.124797608000241  8.653975976238964e-18      3.632367117377756     -10.23968415159457
                   4400     0.1279941475752515  8.653975976238964e-18      3.630290525639347     -10.21965168406011
                   4500     0.1404604678939512  8.653975976238964e-18      3.647683038060538     -10.19013307921744
                   4600     0.1193516034263281  8.653975976238964e-18      3.631361267809238     -10.22876659286404
                   4700     0.1007882467962418  8.653975976238964e-18      3.623938734600534     -10.27047555809542
                   4800    0.08172531391205241  8.653975976238964e-18      3.598717642755654     -10.29643816230638
                   4900    0.05492654473551248  8.653975976238964e-18      3.577636514305312     -10.35144619841047
                   5000     0.0423882825251975  8.653975976238964e-18       3.56123217820836     -10.36941383711676
                   5100    0.02515683056946413  8.653975976238964e-18      3.543789514379748      -10.4016834989171
                   5200  -0.006069773480625728  8.653975976238964e-18       3.51932509717492     -10.47018174142429
                   5300   -0.03277380546245388  8.653975976238964e-18      3.490780190200148     -10.52256676564211
                   5400    -0.0523321437355619  8.653975976238964e-18      3.467050380320694      -10.5601357953928
                   5500   -0.05516314785503683  8.653975976238964e-18      3.461499554631729     -10.56600337243178
                   5600   -0.05356983123433708  8.653975976238964e-18      3.454848304872115      -10.5574497110104
                   5700   -0.02562895255614524  8.653975976238964e-18      3.485382522735684     -10.50634305828321
                   5800   0.005631197677200782  8.653975976238964e-18      3.525612380767452     -10.45317968930805
                   5900   0.003304038907343871  8.653975976238964e-18      3.523330422985128      -10.4574993836651
                   6000  -0.004173505898379174  8.653975976238964e-18      3.522459463168273     -10.47915677246005
                   6100  0.0007350754136715273  8.653975976238964e-18      3.532509430861826     -10.47442304415073
                   6200   -0.01427611582897544  8.653975976238964e-18      3.518921809675382     -10.50632946902794
                   6300    0.01532087279002931  8.653975976238964e-18      3.556288195055706     -10.45526857280255
                   6400    0.03742307009536773  8.653975976238964e-18      3.571760013187086     -10.40314213136549
                   6500    0.04791584789278076  8.653975976238964e-18      3.583612856060189     -10.38153415729373
                   6600    0.07480340276487893  8.653975976238964e-18      3.617906023447734      -10.3323786104755
                   6700     0.1030019811668824  8.653975976238964e-18       3.65526453408838     -10.28098645759091
                   6800    0.08839123109455575  8.653975976238964e-18      3.637112652527694     -10.30231436409361
                   6900    0.06794913392419138  8.653975976238964e-18      3.612497001457482     -10.33571423522806
                   7000    0.04143207157728165  8.653975976238964e-18      3.599083585876971     -10.39935604633482
                   7100    0.02746399527992549  8.653975976238964e-18      3.591859299875147     -10.43257687483156
                   7200    0.02466882078489312  8.653975976238964e-18      3.590568511262092     -10.43871288257016
                   7300    0.04421339346176978  8.653975976238964e-18      3.619432038031141     -10.40738003399368
                   7400    0.02481981640411983  8.653975976238964e-18      3.601397506336613     -10.44605479549208
                   7500    0.02742333012258267  8.653975976238964e-18      3.600772412010442     -10.43663802327685
                   7600    0.02403204498438051  8.653975976238964e-18      3.591055750411803     -10.43601976190758
                   7700    0.02517113037955536  8.653975976238964e-18      3.589204889105778     -10.42969870380603
                   7800    0.05396768976889141  8.653975976238964e-18      3.627263175098281     -10.37986312096619
                   7900    0.06807601808922993  8.653975976238964e-18      3.636048167171162     -10.34394143522034
                   8000    0.06530064836675442  8.653975976238964e-18      3.631263244296445     -10.34506479768831
                   8100    0.06357158486710963  8.653975976238964e-18      3.634330774311501     -10.35092005900944
                   8200    0.07182236430276422  8.653975976238964e-18      3.641406982457356     -10.33089017731398
                   8300     0.0962920573057946  8.653975976238964e-18      3.669024524965178     -10.28195837475126
                   8400     0.1050719312748766  8.653975976238964e-18      3.671682453698451     -10.25467532654476
                   8500      0.127422526504959  8.653975976238964e-18      3.700277343801028     -10.21210504995732
                   8600     0.1171616453597332  8.653975976238964e-18        3.6951155343426     -10.23340814743032
                   8700     0.1236355907148104  8.653975976238964e-18       3.70446028386215     -10.21931683404815
                   8800     0.1282213568008136  8.653975976238964e-18      3.711702153867272     -10.20851318278153
                   8900     0.1469782831673044  8.653975976238964e-18      3.734674716456037     -10.17084156818502
                   9000      0.166818797862523  8.653975976238964e-18      3.755990240413591     -10.12756139838242
                   9100     0.1682678464147225  8.653975976238964e-18      3.757347748755313     -10.11909557241206
                   9200     0.1705501953169755  8.653975976238964e-18      3.757696773872678     -10.10715345170884
                   9300     0.1738168837262918  8.653975976238964e-18      3.764398852518897     -10.09860691927389
                   9400     0.1572303282668983  8.653975976238964e-18      3.747598946660816     -10.12641552152822
                   9500     0.1456475195597359  8.653975976238964e-18      3.736420354697431     -10.14526242221234
                   9600     0.1358237276418153  8.653975976238964e-18      3.728635905936252     -10.16257531375673
                   9700     0.1398009516903942  8.653975976238964e-18      3.729431668982822     -10.14712648717465
                   9800     0.1378838684531122  8.653975976238964e-18      3.730275786505905     -10.14953752901445
                   9900     0.1230860833539325  8.653975976238964e-18      3.717671360694415     -10.17739086595945
                  10000     0.1069625021064276  8.653975976238964e-18      3.706949828329674     -10.21159934951403
