#! FIELDS time rct DeltaF_-3.14159 DeltaF_-2.74889 DeltaF_-2.35619 DeltaF_-1.9635 DeltaF_-1.5708 DeltaF_-1.1781 DeltaF_-0.785398 DeltaF_-0.392699 DeltaF_0 DeltaF_0.392699 DeltaF_0.785398 DeltaF_1.1781 DeltaF_1.5708 DeltaF_1.9635 DeltaF_2.35619 DeltaF_2.74889
#! SET print_stride  100
                    100                      0      11.24999639601226      5.500072084730623      6.015884938271203      5.832027232816927      1.879710302590102      1.989031649156976      7.509621710211619        20.497183712032      42.28210138516545      70.48870588406432      71.48685433126211       71.4868544491196      71.48685444514264       71.4147409320309      48.04456952752307      25.14858863800011
                    200     -2.110648787485068      10.41113627201081      7.069971893055753      12.16816889905946      10.97167262373031      8.845523518089985      9.330976591851039      15.24245609155555       27.1106866972988      19.78210672986431      7.650904902378907      1.886938937528498      1.481932966627839      6.983696881874015      18.90993251090363      37.19828934023062      22.66562267353274
                    300     -1.390038676586421      11.66276844603734      7.991481787171578      8.858757463236564      7.155280889971356      2.957543064106911      2.477401801356919      8.010422503382259      19.62434201787335      22.20733082826645      10.08807999479369      4.324114043164446      3.919108072263793      9.420871987509564      21.34710655605554      37.94997418967476       22.7027930924816
                    400     -1.109807006737749      9.381997955246806      4.785877587473435      5.418914012563921      6.328851397221896      2.883295885089423      2.907409049843404      8.544266918324064      20.19470046290133      23.49419853206031      11.37553901360406      5.611573062000945      5.206567091100293      10.70833100634605      22.63456503849631      36.19309737184165      19.95909009324901
                    500     -0.609406078773337      8.410097485146764      3.630449601904369      3.814304095827978      5.682116824263966      3.276778995517462      3.557899582440061      9.419101184254741      20.77059149232739      24.69588487558942      12.59144389141893      6.827477960456288      6.422471989555645      11.92423590480082       23.8504662037148      35.16102133952428      18.82111894423313
                    600     -0.306916574999617      8.844566625854865      4.050767458099041      3.879039147706169      5.002047279507131       3.09602687731572      3.231247577014554      8.716226069239925      19.92020344168507      25.53862070508546      13.44928462529469      7.685318701703168      7.280312730802526      12.78207664604745      24.70830347286147      34.84940994228423      18.99511903891721
                    700    0.01033002510529663      9.141909513612649      4.218062624122874      3.746581795725687      4.992283328394695      2.940469855292642      3.115811327566882      8.545205110630747      19.46193424471545      26.27324626941579      14.22047297886282      8.456507101303282      8.051501130402659      13.55326504564527      25.47948617964404      35.12491358915885      19.39253765066401
                    800     0.2181298561463477      9.138371305324894      4.181686688068304      3.892280476331449      4.948488513403164      2.816978377617858      3.042491290855761      8.516642143427315      19.48720352714576      26.85755680910465      14.81218384999574      9.048217974019618      8.643212003118995      14.14497591836133      26.07119511055046      35.31100743950051      19.51233203165051
                    900     0.4197740928206941       9.22832924991207      4.237684496054835      3.794244235381159      4.924362969056541      2.821803608092786      2.964066179006861      8.600217891957103      19.78010019485404      27.38851069619049       15.3464557909615      9.582489915879185      9.177483944978562      14.67924786022018      26.60546425944861      35.49891265414483      19.63781366661549
                   1000     0.5513538988841736      9.320000720063831      4.279351667706099       3.77475934264214      4.891623795429922      2.712385341635513      3.002756989800854      8.725048516947972       19.7832839435563      27.75326862362253      15.77138289904253       10.0075144244741      9.602508513630955      15.10427242887926      27.03048816274104      35.70624262428814      19.76324179473168
                   1100     0.5146304172973108      8.970160729972701      4.061666636728084       3.65574128374442      4.807316788244757      2.830422023206928      3.136739940879714      8.774180139934892      19.79111727873454      27.96930532033012       15.9971873683864      10.23331890338801      9.828312992544864      15.33007690779293      27.25628969523433      35.39673464687191      19.38649794382445
                   1200     0.3586477408024708      9.042821398312435      4.095055774285017      3.622640466158708      4.778530951580563      2.876191189535739      3.172134925310156      8.772127951703022      19.75686660652712      27.85709193120088      15.78879446045766      9.774087170717333      9.312616922317524      14.86142351102484      26.88422334923288      35.47398354961675      19.46762865138307
                   1300     0.4043612374750197      9.123720917581807      4.124406159532772      3.619406867538427      4.797323482178258       2.80182431524627      3.184763891736875      8.710785550308625      19.61192531324265      28.07913462316619      16.05129283529948      10.03488377787294      9.565356620121676      15.11109062305449      27.14196710561539      35.31253828808626      19.48973041553087
                   1400     0.4646901984566192      9.180757580373538      4.153688997114514      3.615972892903041       4.79105538225988      2.783761262149167      3.152620502182677      8.671552694477663      19.45725668322407       28.2916810212202      16.31111552290061      10.29470660083406      9.825179443082964      15.37091344601573      27.40178903588944      35.38940502683167      19.55054972051558
                   1500     0.5306607853690123       9.15268422496799      4.109480202850578       3.61805727345237      4.750566519403203      2.803465857435404      3.148248156119458      8.684819391768091      19.51134322742505      28.52078413006928      16.56179933995862      10.54539062443906      10.07586346668854      15.62159746962127      27.65247231290842      35.49381090189308      19.60034818092501
                   1600     0.5799492203356394      9.133321521964309      4.102091381246164      3.629407973052288      4.789550307898502      2.793203980221869      3.114165355782236      8.661447204415834      19.45220843015768      28.70304143258386       16.7830605289394      10.76665195620809      10.29712479845779      15.84285880139051      27.87373324676706      35.59930294849117      19.65655615723097
                   1700     0.6241163352793654       9.24446469775541      4.236462656756596      3.769459800743205      4.877492687065876      2.678145303226616      2.988941327153476      8.538270539532983      19.34569656559841      28.88395800566415      16.98810468713874      10.97169614164445      10.50216898389415      16.04790298682668      28.07877527250507      35.58407630144508      19.71724201946045
                   1800     0.6658521200065046      9.284747143837821      4.196646362038797       3.71108476063545      4.891644799343496      2.706553411990091      2.999258018807285      8.521171887245913      19.28473619833006      29.05776756002191      17.18096715599462      11.16455862178804      10.69503146403775      16.24076546697026       28.2716370139524       35.6741271686941      19.79234313121596
                   1900     0.5695174661642977      9.330057685187827      4.232961931090315      3.692411010879007      4.867362924375805      2.719279002894586      3.005453914730072      8.529472274597603      19.32059756115324      28.91487067405151      17.05162248749606      10.96599224483486      10.44152146551343      15.99585785960485       28.0398728888421      35.70433728407814       19.8341264319154
                   2000     0.4449501119182314      9.340279401656007      4.243183647558498      3.702632727347187      4.877584640843988      2.729500719362765      3.015675631198252      8.539693991065652      19.33081856724145      28.83267000771624      16.85568865411044      10.60033675033984      10.01997947503321       15.6320843139952       27.7756924234397      35.71146459247043       19.8443481481739
                   2100     0.3676450430817918      9.390845650697599       4.29317424127171      3.742794761725997      4.899541999675643      2.726440069633321      2.976541176355159      8.513559736305085       19.3465567339428      28.71613910676993      16.72118890169648      10.37959348596713      9.765659728288277      15.40081524485031      27.60267780857039      35.74265181884849      19.89455439894382
                   2200     0.4522026144954567        9.4767397600686      4.306106047070567      3.662326116273595      4.908631512628488      2.743913236610027      2.968099595797513      8.570161198556523      19.43307148518869      28.91483269915543      16.92738630674906      10.58579089448389      9.971857136805042      15.60701265336707      27.80887505260933      35.87871886591611      20.00543224996627
                   2300     0.5142103955260913      9.556507702979436       4.39446664567592      3.774019516273077       4.94403844633852      2.636320588649155        2.9154529996617      8.548734730635209      19.38295825787755      29.06521974250443      17.10537658782381       10.7637813882989      10.14984763062072      15.78500314718274      27.98686530131942      35.98836833946164      20.09533623388991
                   2400     0.4431125526659632      9.521711707593289        4.3671163005334       3.73596999082482      4.902457341420074      2.669514788304146      2.955043883625798      8.588464666490067       19.4226869251918      28.99420519201788      17.03292682436189      10.62627806445199      9.980290192622506      15.62415167339737      27.85058302453827      35.95342393916867      20.04704029871947
                   2500     0.3744788326437868      9.523817778358792      4.365971085283183      3.756890783844256      4.926946377675425      2.665810938280015      2.957760193523994      8.603852067405777      19.45538736939527      28.97126218671486      16.91353760372624      10.41908480254545      9.747274471626081        15.409625885535      27.70048602548982      35.95819874377844      20.04957287787625
                   2600     0.4165618418282454      9.545096344362685      4.371261020146759      3.769379547416264      4.892268940968541      2.663699751788968       2.94602135099358      8.590485851865148      19.45510165908917      29.09192161133544      17.05740178191737      10.56295013918444      9.891139808284887      15.55349122219381      27.84435126245826      36.03186037658366      20.07364048187019
                   2700     0.4123734368360573      9.468179696328924      4.265291626861718        3.6981292987783      4.902352106205111        2.7156208154167       2.99287438761747      8.628858701019363       19.5180327689572      29.15161752353664      17.14480681193206      10.63940685480115      9.929042672423975      15.58213948259228      27.90763371914776      35.96422787182736      20.00667414337822
                   2800     0.3255713176735187      9.475479221240315      4.272591151773114      3.705428823689695      4.909651631116508      2.722920340328095      3.000173912528865      8.636158225929666      19.52533066406009      29.05826200797392      16.99288108163579       10.4029600898923      9.681472952627502      15.32775297333922      27.64151695276122      35.96775565587017      20.01397366796685
                   2900     0.3302803001107073      9.511657463368971      4.274082799067483      3.665449424752447      4.898557196541979      2.746428107396437      3.000761527338466      8.640125211442815      19.51762749185077      29.07820125269767      17.01798225245431       10.4331996242257      9.726210128477495       15.3688015752844      27.66808741369706      35.98569478155635      20.04890168445186
                   3000     0.3778130088508405      9.527674603840708      4.269434388176775      3.654419008213186      4.879703054222697      2.731518975723061        3.0145535433038      8.688101091185743      19.57494914094756      29.18827611815569      17.15301075267926      10.56821601088454      9.860805667529752      15.50046969092663      27.79520194238858      36.02923812332594      20.09960050360371
                   3100     0.3004138556151696      9.534808743821245      4.276568528157312      3.661553148193722      4.886837194203234      2.738653115703597      3.021687683284333      8.695235230514887      19.58205405786275      29.02377701909759      16.98310672952687      10.34005442654341      9.623998956250402      15.29796129185161      27.66226551825288        36.034460152088      20.10673464337803
                   3200     0.2309874295276536      9.547024440671114      4.285590381336453      3.654482917020889      4.886860257389826      2.750708792273285       3.03145057209341      8.701265277405295      19.59173249251907      28.89467585621903       16.8427641737232      10.17866371255726      9.437869061107024      15.07681078003651      27.44833008821374      36.04452879331416      20.11906944525393
                   3300     0.1602862582141713      9.555490141290404      4.294056081955744      3.662948617640183      4.895325958009117      2.759174492892579      3.039916272712701      8.709730977556093      19.60017497134687      28.78233015515244      16.69678422279246      9.980692575931663      9.180146294664096      14.83691333590458      27.28423123533831      36.05161310902668      20.12753514584811
                   3400     0.1959621800785553      9.621349206780868      4.355289269924513      3.733074170340974      4.968757688421505      2.718709863522033      2.955082158560502      8.626592253427045      19.59004542086179      28.87855775828896      16.78664703120985      10.05042615241895      9.249159646587938      14.91660469015547      27.35889456351603      36.10808635088745      20.19326552033026
                   3500     0.2496885291386363      9.690984961200268       4.40393010709631      3.790140604281934      4.982279019959962      2.684484244779856        2.8994796516369      8.584747090738754      19.58531175258063      28.99436415370439       16.9148145419384      10.17859367974316      9.377327173912153      15.04477221747968       27.4870619181723      36.18070439535919      20.27280332597404
                   3600     0.3036216920009752      9.787829491315089      4.505121711623304       3.86044364312885      4.987156524421112       2.63333922887567      2.834067393938747      8.530611305020608      19.56127034050664      29.11285051603851      17.04103148286847       10.3048106243651        9.5035441185341      15.17098916210143      27.61327805041204       36.2527661541255      20.35628251808986
                   3700     0.3463685173938844      9.846137010260128      4.556167077236871      3.918285673117328      4.967142148658504      2.586757161974862      2.812970571597215      8.519867329309561      19.55835176817711      29.21465046322208      17.15402621257659      10.41780536905785      9.616538863226848      15.28398390679334      27.72627112398317      36.28889057478286      20.40974808301062
                   3800     0.3202020668441839      9.848934292613118       4.57003328141064      3.942031205796339      4.979241816003888      2.572212119378807      2.809777272918706      8.515304931406561      19.53301891063937      29.18020449736542       17.0941451653353      10.34839946713339      9.560069662889903      15.23370931302197      27.67511588238375      36.31789177255649      20.42005966315298
                   3900     0.2663516139251407      9.861585745864584      4.582684734624507      3.954681670621271      4.990786375729684      2.575895390458183      2.806152069341585      8.507456490924675      19.51872304738375      29.08559586294087      16.98247706050258      10.20562754231018      9.400252379094439      15.08394884837843      27.54110233805952      36.32857767085685      20.43271111632988
                   4000     0.2194544431637294      9.874525881104255      4.598271810305329      3.972410339661191      5.005675861370566      2.571640084713203      2.805367614142985      8.514507088058231      19.50932372758567      29.03135949718973       16.8817751923468       10.0604089115502      9.244284681408267        14.926810104853      27.41331071825715      36.34503641057298      20.44870657492016
                   4100     0.2306771838303256      9.808578322077256      4.535887423386703      3.932157207666537      4.990697076246891      2.595892157749375      2.831458694521184      8.549484933478944      19.54689695752109      29.10412700828498      16.95613313681576      10.13476685645492      9.318642626312979      15.00116804975769      27.48766821813876      36.29968259947549      20.37749696526059
                   4200     0.2749162918486707      9.886721212876918      4.627445505230307      4.013405264473312      5.042321202519751      2.558691805059798      2.744674169450519      8.489235553583034      19.53833274430404      29.17733070517906      17.04620869148109      10.22744329308823      9.413688450850877       15.1021012471558      27.59262373833608      36.36796220256185      20.44324177172155
                   4300     0.3122127408925617      9.972717992376454      4.716852666395746      4.109052228347877      5.103530213085151      2.501211840254219        2.6777875898003      8.468850527623086      19.54910658748278      29.25644049899292      17.10620315765626      10.27274717971015      9.467236415185752      15.15792644115385      27.63752655349894      36.45295304285693      20.53116556165504
                   4400     0.3086224666867143      10.01533720747709      4.752426218578854      4.136302700753792      5.102211533607596      2.486658063614492      2.663527171560034      8.435050560357658      19.50992161948298      29.19761405195912      17.10170914769275      10.27591084963929      9.472978060725785      15.16727290638062      27.64216617909646       36.4970544465004      20.57487219111996
                   4500     0.3327787481849383      10.01180077380436      4.737847612264066      4.096806018974961      5.065688620415234      2.502512710780945      2.677499120557759       8.45015411105115      19.53636786527517      29.26835116277101       17.1831958005655       10.3573975967301        9.5544648078168      15.24875965347163      27.72365276742353      36.52513705286048      20.58867620607518
                   4600     0.3271561043581622      9.986091678615969       4.67556316814728      4.003686119365129      5.025979615719605      2.541927732530027      2.726419813196342      8.497888911689529      19.58177829652667      29.27507969847236      17.19270085051037      10.38073372862066      9.580256987642764      15.27208196665772      27.75630904024268      36.49068961199259      20.56235839736398
                   4700     0.3470945670637722      9.962299261528871      4.666344680443453       4.00528530411062      5.030216525698184      2.543562104457292       2.71765970843151      8.511281962379064      19.61458748602489      29.34766474112477        17.267450103551      10.45548298275841      9.655006241780516      15.34683122079545      27.83105783796776      36.48187531899098      20.54417771890282
                   4800     0.3601891480766748      9.956220906689158      4.668513841830248      3.996706035685988      5.008424885303006      2.553906650128722      2.713741468634348      8.495471331303982      19.59446113656088      29.40913836171849      17.33417690665514      10.52220979013632      9.721733049158425      15.41355802817318      27.89778361648153      36.47550276969748      20.54185147723742
                   4900     0.3796403153322037      9.963845686042619      4.673121706543944      3.980579898350924      4.992863076341652      2.555929807051589      2.716244180967208      8.502030572679812      19.60297416830033      29.47070572689379      17.40613131539143      10.59416423765258      9.793687496674737      15.48551247568949      27.96973787563085      36.47858041424249      20.54354645515859
                   5000     0.3995550658927958      9.982746704907758      4.681278053630539      3.967907344610512      4.988761339370293       2.55163505427758       2.71879900514169      8.488948017980757      19.58865784411327      29.53201870879766      17.47746691044334      10.66549987230224      9.865023131324447      15.55684811033919      28.04107330610524       36.4994308338708      20.56156913662607
                   5100     0.4014040550084406      9.933168703909374      4.649596041106734      3.955163625431146      4.970042850971836      2.565435744858728      2.729845872738134       8.50510455710881      19.59915265180472      29.56932280445627      17.52755687554364      10.71448367986774      9.915374669994288      15.60623805105188      28.09004032667583      36.46814655255884      20.51814734295165
                   5200     0.3559900093165582      9.937139339066965       4.65356667626433       3.95913426058874      4.974013486129432      2.569406380016322      2.733816507895728      8.509075192262483      19.60312125189919      29.47946569749815      17.41288245779099      10.57819639401756      9.776119716619295      15.49714411634409      28.02504821857093      36.47159999645633      20.52211797809699
                   5300     0.3139757071484062      9.943550917236418      4.659978175277576      3.965446966597295      4.975240910421775      2.573946010943878      2.735817781133461       8.50272887395584      19.59461870862016      29.42972870341184      17.33426673192603      10.46813948715572      9.644191408791048      15.37140143756422      27.92237298599276      36.47707286906337      20.52852955625761
                   5400     0.3512657126403338      10.00039181769959      4.711370615936213      4.031075009826272      4.988315656889991      2.529312571929379      2.705383780937705      8.475484224263424      19.57704141646758      29.49168697848965      17.41906016440906      10.55293309464386      9.728985016279642      15.45619504505281      28.00716656871418       36.5492090995229      20.59429790123111
                   5500      0.334741042079905      9.933772846640963      4.671821136975553      4.005110315325396      4.994093360231521      2.548126601342361      2.717972731100669      8.479335633057609      19.56407987128574      29.49955451148189      17.43845125338694      10.56797541142369      9.739900671075336      15.46896111460236      28.02121899411005      36.48247302737922      20.51713274758497
                   5600     0.2923815637512199      9.937173939030757      4.675222229365343      4.008511407715186      4.997494452621312      2.551527693732155      2.721373823490464      8.482736725438913      19.56747769086012      29.39577795209533       17.3249462205873      10.45283789731876      9.633087861984494      15.37606197170157      27.92954811843308      36.48475002573114      20.52053383993838
                   5700     0.2876971243368325      9.972363716933776      4.711443293864554      4.047462597665814      5.019207367582189      2.528571344523466      2.700226259912742      8.483417718223606      19.58117017043577      29.39469999144876      17.31131257676876      10.42220159393794      9.594314713192588      15.33415924837764       27.8840502533808      36.51942993999619      20.55604339087605
                   5800     0.2801831112299986       10.0040080641905      4.740430608487495      4.072492501418081      5.036839599054447       2.52353829717746      2.677196728015633       8.46069469815756      19.58194244452813      29.39220817213093      17.29896074791951      10.38008877633361      9.543507569432242      15.29585732792682      27.86509670223745      36.55486421273429      20.58933465709409
                   5900      0.303828377304743      10.01736184822985      4.741281975679486      4.068466574684135      5.055601887964662      2.515385716661391      2.671699995585678      8.463106243909294      19.60349428443054      29.45805386216067      17.36597936802454      10.44710739662692      9.610526189725553      15.36287594822011      27.93211489828489      36.55544508701117      20.60193000683776
                   6000     0.2988387501337174      9.942262990467897        4.6832087435503      4.024898898944906       5.06055382277868      2.533771546190569      2.698269939330091      8.488152968954353       19.6180855906709      29.49158047942589      17.40362175005995        10.484749789128       9.64816858222664      15.40051834072117      27.96975683764254      36.49358457066663      20.52658230307981
                   6100     0.3097713527373696      9.897105052564804      4.647573943727709      3.987937812257614      5.056423605933336      2.546009477624966      2.719796317320093      8.502934709244627      19.64081517961088      29.54386119791363      17.45646995415287      10.53759799326758      9.701016786366221      15.45336654486075      28.02260497561628      36.50615023343358      20.50091967699226
                   6200     0.3268823309811359       9.91228856788077      4.657755580429278      3.997019944915567      5.059031998647735      2.537830182704934      2.711298361619308      8.498269595133568      19.64602948176133      29.58948018676255        17.504921305746      10.59042129591067      9.753193498521226       15.5035065860413      28.07381140490163      36.52063103481138      20.51851227712934
                   6300     0.2895551510977135      9.915514041098769      4.660981053647273      4.000245418133565       5.06225747186573      2.541055655922932      2.714523834837306      8.501495068316963      19.64925028392316      29.54462173210062      17.42001885397069      10.48181196580818      9.649546729574951      15.40526111954133      27.96255132066098       36.5215744842165       20.5217377502093
                   6400     0.2529691650218114      9.918831941575704      4.664298954124198       4.00356331861049      5.065575372342655      2.544373556399863      2.717841735314237      8.504812968788256      19.65256637355681      29.48980925565347      17.32894511191453      10.37862006915533      9.545691020002385      15.30069862210328       27.8684163154049      36.52400389445364      20.52505565066781
                   6500     0.2620348894684411       9.92230072610689      4.656795701766848      4.003799179026623      5.060621086577849      2.541179835906226      2.721547254913876      8.508563946103081      19.66018140969988      29.51400473777495      17.36296872524426      10.41165230361008      9.583040037880417      15.34016268116348      27.90151339841832      36.52666754746027      20.52534494304097
                   6600     0.2897808080326658       9.97031179910185      4.703157229271702      4.050538596789696      5.084633011370216       2.51096285272172      2.690026911402405      8.465429108670673      19.63932303796171       29.5747404727934       17.4293813297581      10.47806492037411      9.649452654644456      15.40657529792747      27.96792573083691      36.56489417542754      20.56286050644431
                   6700     0.2756259151368933      9.969988988073681      4.702397160220696      4.047885895087937      5.079947494130466      2.509981192988239      2.697168685493684      8.470987049184291      19.63657055708679      29.56953760777211      17.42625703271597       10.4623121032985      9.617372100933927      15.35656687345731      27.90903526977035      36.56821490784661      20.56439212951944
                   6800     0.2410372911905937      9.972904284468308      4.705312456615323      4.050801191482565      5.082862790525094      2.512896489382867      2.700083981888312      8.473902345578328      19.63948441289165      29.48109424502198      17.33983728693431      10.37415676299826      9.525439944308964      15.27085502894802      27.82793813175489      36.56960183655764        20.567307425825
                   6900     0.2368188618070874      9.989932854739189       4.72285588267471      4.063430727776926      5.079635850094639      2.506211974595853      2.694286533750692      8.477667517828385      19.63210949968044      29.47257413880781      17.33624560846599      10.36287691501303      9.507698004744363      15.24639017874838      27.80517694488108      36.59262421621646      20.59076397697691
                   7000     0.2248941231513598       9.97326835574394      4.715363479591693      4.054790213028743      5.063571314847962      2.511471452080255      2.705071978536238      8.480041792889971      19.63191147051229      29.45084422677608      17.32279568773114      10.34638279079038      9.500380926488978      15.23967110904021      27.78990939274915       36.5789346784082      20.57623951237894
                   7100     0.2355959073622596      9.971227719507738      4.703517816571105      4.045990746685579      5.048993819168299       2.51782925331118      2.709012675466008      8.480987436398578       19.6252230072976      29.48260732233376      17.36936962777262      10.39296959126903      9.546949432615088      15.28575100196933      27.83198490635185      36.57399780039852      20.57616280560228
                   7200     0.2431890012696651      9.932221692391906      4.648394694991273      3.998979197323345      5.032412786440943      2.540109313098015       2.73852558014654      8.510691513592482      19.65225591888433       29.5244892583211      17.41233898783188      10.43593895182496      9.589918793171019      15.32872036252524      27.87495387249758      36.55383340803871      20.56230654445258
                   7300     0.2476654087210166      9.877714073567818      4.596564296524957      3.954417672864375      5.037335338680355      2.569823490607125      2.753273618085371      8.523126035418489       19.6805944461498      29.56373391927339      17.45169694191672      10.47529690591549      9.629276747261548      15.36807831661577      27.91431169725127      36.54607974851972      20.51897084290117
                   7400     0.2642484629201522      9.905009705648366      4.618366707261041      3.981442589487661      5.050723931207992       2.55078330399241      2.736137180971501      8.521719312935648      19.68877286494573       29.5682971550077      17.48739334715963      10.51518707637307      9.665871824445144      15.40723139677894      27.95999943277452      36.57316465187345      20.55030911909715
                   7500     0.2332318876446704      9.907925618718535      4.621282620331214      3.984358502557837      5.053639844278165      2.553699217062585      2.739053094041676      8.524635225980054      19.69168405056458      29.51751876782946      17.42164881327128      10.42668415034004       9.57042056942174      15.31549302384042      27.87941055071865      36.57519223263324      20.55322503214146
                   7600     0.2026748337361979      9.910845630876983      4.624202632489656      3.987278514716277      5.056559856436607      2.556619229221026      2.741973106200117      8.527555238138129      19.69460305119237      29.45700493366151      17.35159871604652      10.33975142041351      9.479441032360734      15.23054885409155      27.80066432773623      36.57717038447139      20.55614504427703
                   7700     0.1768718011988703      9.906976419401429      4.623633280051044      3.984607731826577      5.057282670129677      2.560566664482161      2.748313454882325      8.534713175772156      19.69854892367651      29.41345355061991      17.30437063701955      10.27015110140989      9.398940563495817       15.1509069080656      27.73263415930531      36.57832929604317      20.55425126296697
                   7800     0.1759434537113268      9.832260967484315      4.578542323587992      3.960430072319023      5.041034987673245      2.574581462687195      2.773364537787302      8.562745984097367      19.72587556644084      29.44483306268121      17.33604422725309      10.30182469171734      9.430614153803266      15.18258049837305      27.76430756230964      36.54224693981303      20.48692192430989
                   7900     0.1703375994439735      9.835508959138291      4.576301882272134      3.961473024784637      5.034223839108708      2.578030520834537      2.775524891897579       8.55752017945308      19.71730385462178      29.43820173641851      17.33018868187339      10.28167273958124      9.410015608384771      15.17220848823901      27.76858968809465      36.54990590445978      20.49567701183089
                   8000     0.1895907682737555      9.854492011256642       4.58382478708104      3.957548031893574      5.029063719751425      2.583442774934149      2.764119658635471       8.54408852300643       19.7103493505221      29.48441831235299      17.38121324513733      10.33269730663427      9.461040175437798      15.22323305529203       27.8196141741227      36.57705097052033      20.51950880728172
                   8100     0.2097460815834392      9.861377963417468      4.590352291524646      3.966502779526976      5.004530424511721      2.569439223928451      2.772051578457636      8.557432386395424      19.72567004272024      29.52979191737456      17.43109222624418      10.38407028942542      9.512563657448517      15.27476014041238      27.87114086308405      36.60170336447504      20.53478353989663
                   8200     0.1962340660818642      9.839843090089278      4.578994736977099      3.971465291604879      5.005675700243945      2.567980393306433      2.778119141247166      8.566645074744317      19.72792036414817      29.48565253039353      17.41655592024849      10.37358026841969      9.489076789783791      15.24362500705837      27.83979901742847      36.60223033773759      20.52326804721446
                   8300     0.1683387681481114      9.842549804641301      4.581701451529124      3.974172006156901       5.00838241479597      2.570687107858455      2.780825855799188      8.569351789288504      19.73062489554599      29.43730731288492      17.33860835351692      10.29024574042362      9.410813718314923      15.16626905063813       27.7680063748174      36.60325465511318       20.5259747615559
                   8400     0.1465487138063527      9.850990249111765      4.590016325243365      3.978791743955376      5.008869335037266      2.572721544208997      2.780718531197242      8.568226518184359      19.72599903527171      29.40123050441812      17.29318636835594      10.22344529597859      9.333695143137055      15.09662541836522      27.70961904597839      36.61090740843422      20.53441582142798
                   8500     0.1588455043742803      9.856682213917527       4.57789960457058      3.948553923496637      5.007109894018339      2.582235387865998      2.789374567640168      8.575468530649802      19.73011984463949      29.42605027680083      17.32937017873683      10.26314264544584      9.375227744547084      15.13744732132913      27.74885311659657      36.61794955083873      20.53934462358837
                   8600     0.1741354360793862      9.840886568798746      4.567735531672993       3.94567210591338       5.01275174106465       2.57488997055547      2.795149946132153      8.590263504393722      19.74592761615391      29.46814796718067       17.3741757591407      10.30794823039679      9.420033329498029      15.18225290627956      27.79365796468278      36.62829414548757      20.53211906336113
                   8700     0.1774884456931435      9.795471222792147      4.522393103406464      3.907851951406317      4.988847565410262      2.596697129675648      2.823901983927911      8.618584390996405      19.77148050632947      29.49684882767514      17.40669922717695      10.34047171339416      9.452556812495416      15.21477638927694      27.82618133121125      36.61153290452623       20.4915346240389
                   8800     0.1946318868384382      9.798778082425128      4.503876606394384      3.879000435114461      4.972240346248644      2.607536412127034       2.83962906383855      8.635200252529916      19.79216543687472      29.53895076848899      17.45267591734988       10.3864484284453      9.498533527546584      15.26075310432809      27.87215784528556      36.62794600689113      20.50771836450778
                   8900     0.2173909092109833      9.831972011482252      4.533395634217295      3.908048819301011      4.970621815919888      2.589857375266709      2.819440869355302      8.611730689543231      19.77858448971985      29.58278129295451      17.50393869283656      10.43771123203632      9.549796331137635      15.31201590791914      27.92342062966238      36.67280741589357      20.54789426900248
                   9000     0.2357799796744833      9.850582885089329      4.548864837496065      3.924835329652458      4.982683779092748      2.579904437231565      2.801365555445445      8.599280815755064      19.76341272192733      29.62033872775699      17.54832112127237      10.48325038868379      9.596244589852358      15.35858228125056      27.96999132437029      36.70610201057371      20.57390520674102
                   9100     0.2123729892812326      9.854084404408496      4.551046317212061        3.9285464791393      4.986654500553708      2.581102766057385      2.802906206320256       8.60202876126745      19.76439591246308      29.56970646702569      17.48568138496935      10.41419731861447      9.526565131854907      15.29616337667109      27.92013580361785      36.70992461169369      20.57829010574062
                   9200     0.2171117251376264      9.833556184093647      4.514208300908761      3.898679068096274      4.973323870002898      2.597148693703443      2.824143692573722      8.620203341587567       19.7747663424454      29.58120573862557      17.51535340345048      10.44626781293018      9.558049299910358      15.32666275066441      27.95111728040634       36.7034236861647      20.56576299585858
                   9300     0.2194773453512773      9.805615297009037      4.478888437667885       3.86536383690199      4.967393262468843      2.612631118239707      2.846333574583865      8.635007902242961      19.78109307721364      29.60925959400543      17.54497684799039      10.47589125822636      9.587672745206534      15.35628619596053      27.98074030605378      36.67411234345141      20.53737901090471
                   9400     0.2291571236519238       9.80458931810505      4.483737459524469      3.868814880759907      4.962991544515023      2.611926929848868      2.840534606921281       8.62686816105421      19.77955539892615      29.64104752680821      17.58161974276496      10.51253420850338      9.624315695483704       15.3929291462377      28.01738317547127      36.67422585979492      20.52754758867903
                   9500     0.2312420629731697      9.821067052227065      4.488984771242487      3.873176893527004      4.958109891322108      2.612695996257404      2.835263066412041      8.623092471089794       19.7686057916787       29.6472198587125      17.59086690412042      10.51642223002737      9.628940648218249      15.39718400943918      28.02741645231796      36.68662696795855       20.5468260032993
                   9600     0.2093293277734528      9.817943540798018      4.489173610550099      3.875289909004727      4.959645003429683      2.614558130422322      2.838201975050382      8.624582387965837      19.76935196783485      29.58486267553214      17.53122666680007       10.4570498246863       9.57056789550597      15.34659593015146      27.99330614862881      36.68922941296833      20.54596095042595
                   9700      0.213575841320738      9.819350597202574      4.492006972091509       3.88180740280068      4.956950128070194      2.612512705352164      2.833955356466805      8.605290374258594      19.73174318733137      29.60865632682322      17.56158940788584      10.48741257253004      9.600930643349718      15.37695867799514       28.0236684447011      36.67310861117436      20.54338641601039
                   9800     0.2046673599545009      9.820795321196204      4.495051755453245      3.889820668643845      4.962813710392735      2.610272322327717       2.82975468107128      8.594650794056928      19.71329070440498      29.59404476003536       17.5548830984725      10.47443310084676      9.587853064623973      15.36116706092575       28.0081729938617      36.66560115591444      20.53810889981792
                   9900     0.2071792216226763       9.80596552861341      4.485059550423954      3.882385378014705      4.963412934041176      2.616054585057679      2.831839917387658      8.587560503570474      19.69749791270039      29.60181452824024      17.58064372864205      10.49594762087597      9.609211178545909       15.3852391426666      28.03337233284487      36.66429346645474      20.53333397538339
                  10000     0.2152684599417203      9.804021167997442      4.482961511938677      3.872913115375404      4.961391769574221      2.621989741312917      2.830559853756338      8.582879850035432      19.70333279185913      29.62342526630249      17.61086883388644      10.52455055481857      9.638457017054064      15.41620231599431      28.06604028599356      36.66557414234742       20.5306744784715
