#! FIELDS time phi psi ene opes.bias opes.rct opes.zed opes.neff opes.nker
#! SET min_phi -pi
#! SET max_phi pi
#! SET min_psi -pi
#! SET max_psi pi
 0.000000 -2.36867 2.64432 -41.4583 -40 -40 1 1 0
 1.000000 -1.69648 2.1613 -30.753 -40 -40 0.472044 1 1
 2.000000 -2.8009 0.431523 -8.50598 -31.783 -34.3448 0.455744 1.00001 2
 3.000000 1.11175 -0.184474 -18.7453 -40 -34.9777 0.304192 1.00001 3
 4.000000 1.09369 -0.710607 -30.1261 -5.31109 -9.32551 0.32824 1.23454 3
 5.000000 -0.704849 0.564715 -26.0891 -39.9971 -9.78027 0.24618 1.23454 4
 6.000000 -2.00864 3.01241 -30.7728 -31.688 -10.1647 0.196945 1.23455 5
 7.000000 -2.20808 0.889323 -16.6349 -22.019 -10.4947 0.196959 1.23487 5
 8.000000 -1.25631 2.23732 -26.4926 -32.8333 -10.7885 0.164133 1.23488 6
 9.000000 -0.601278 -0.0763228 -9.62994 -28.3776 -11.051 0.164133 1.2349 6
 10.000000 -1.7591 3.11745 2.30383 -16.9067 -11.265 0.164357 1.23741 6
 11.000000 -1.52023 0.764693 -35.9865 -8.32268 -10.8358 0.171531 1.31557 7
 12.000000 -0.904917 1.80126 -23.0756 -10.3162 -10.7918 0.154285 1.35188 8
 13.000000 -1.44501 1.88401 -18.4717 0.569049 -5.69398 0.191245 2.27282 7
 14.000000 -1.00868 1.77947 -23.4828 -2.60351 -5.3163 0.194067 2.84391 7
 15.000000 -2.77289 1.9007 -23.5415 -25.6768 -5.47724 0.194066 2.84398 7
 16.000000 -2.36712 3.0169 -16.0571 -18.5121 -5.62762 0.194037 2.8452 7
 17.000000 -2.64668 -2.8265 -34.8352 -16.8718 -5.76857 0.194054 2.84756 7
 18.000000 -2.87062 0.312469 -12.4164 -14.7347 -5.89963 0.169904 2.85313 8
 19.000000 -2.58827 2.80553 -35.774 -11.2495 -6.01225 0.170271 2.87558 8
 20.000000 -2.22961 2.6046 -43.4989 -11.2978 -6.11901 0.170033 2.89769 8
 21.000000 -1.95802 2.95206 -27.7137 -5.38805 -6.0807 0.15213 3.12541 8
 22.000000 -2.47234 2.88286 -22.1242 -6.51383 -6.09805 0.154718 3.27801 8
 23.000000 -2.93034 -2.85484 -33.1076 -8.86854 -6.16874 0.154423 3.33984 8
 24.000000 -2.60836 2.8415 -27.6946 -2.95421 -5.91941 0.159142 3.91599 8
 25.000000 -2.26102 3.07132 -12.9158 -2.58932 -5.66427 0.165488 4.58995 8
 26.000000 -1.84107 1.11036 -34.9086 -1.29519 -5.25896 0.168157 5.53018 8
 27.000000 -2.50486 2.53681 -24.4781 0.0937013 -4.66348 0.181551 6.44198 8
 28.000000 -1.33434 0.0288136 -33.2018 1.10206 -3.98345 0.183649 6.93753 8
 29.000000 -2.14673 2.57756 -16.8738 -1.2184 -3.82014 0.18203 7.80023 8
 30.000000 -2.26651 2.94174 0.246246 0.847643 -3.41295 0.189948 8.63159 8
 31.000000 -2.94805 2.82901 -21.6815 -6.68551 -3.47057 0.189612 8.7607 8
 32.000000 -2.84809 2.61182 -31.8331 -3.50541 -3.47162 0.191399 9.18663 8
 33.000000 -2.5433 2.46715 -26.7039 0.93335 -3.13917 0.193162 10.0212 8
 34.000000 -1.97123 2.43239 2.09653 -0.57299 -3.01424 0.197923 10.9607 8
 35.000000 -2.72903 2.48453 -41.2889 -0.104663 -2.86559 0.213398 11.9544 8
 36.000000 2.8251 2.9602 9.82935 -26.3403 -2.93392 0.189687 11.9544 9
 37.000000 -1.14165 0.377028 -29.6958 -0.63735 -2.83666 0.197282 12.8928 9
 38.000000 -1.8577 2.56389 -16.1862 -0.237364 -2.72197 0.194785 13.8811 9
 39.000000 -2.51234 2.21764 -49.5145 1.62165 -2.44457 0.197651 14.2555 9
 40.000000 -2.52448 2.54502 -36.0958 2.37981 -2.10826 0.200604 14.0044 9
 41.000000 -2.69635 2.82931 -32.7224 1.50304 -1.92214 0.214152 14.8806 9
 42.000000 -2.88247 3.13027 -23.982 -0.883371 -1.89235 0.208431 15.6456 10
 43.000000 -1.14021 -0.159187 -29.9701 -0.844681 -1.86294 0.208536 16.4263 10
 44.000000 -2.5402 2.29633 -11.5432 2.68766 -1.59023 0.211117 16.3006 10
 45.000000 -1.35914 2.67738 -36.08 -0.386824 -1.55683 0.210704 17.1134 10
 46.000000 -2.81596 3.07205 -17.785 0.471331 -1.49111 0.207912 18.0772 9
 47.000000 -1.68754 2.64066 -33.0533 -2.32461 -1.50591 0.195042 18.5392 10
 48.000000 -1.61119 1.39261 -24.2592 -1.50897 -1.50597 0.195127 19.1472 10
 49.000000 -1.69637 1.35129 -7.33127 -0.947283 -1.49348 0.195575 19.8709 10
 50.000000 -0.955568 1.03159 -12.2343 -2.86824 -1.51429 0.183382 20.2655 11
 51.000000 -1.42856 1.21308 -44.3765 0.155823 -1.46897 0.183168 21.2043 11
 52.000000 -3.00215 2.4776 -21.0807 -2.01824 -1.47829 0.174189 21.739 12
 53.000000 -2.01737 2.78611 -32.5692 -0.690094 -1.46119 0.174249 22.5339 12
 54.000000 -1.94837 2.85432 -18.797 0.175474 -1.41948 0.173713 23.486 12
 55.000000 -2.04834 2.53265 -38.4789 0.433867 -1.37086 0.174799 24.4696 12
 56.000000 -2.52691 2.56704 -29.8995 2.79257 -1.18914 0.174126 24.1757 12
 57.000000 -1.38367 1.21154 -39.5706 0.484103 -1.14837 0.173754 25.1393 12
 58.000000 -0.0218601 -0.384658 -2.93521 -38.4547 -1.19101 0.160388 25.1393 13
 59.000000 -0.239755 -0.391778 6.42453 -34.2186 -1.23293 0.148932 25.1393 14
 60.000000 0.0906696 -0.692149 -4.46017 -36.1255 -1.27416 0.139003 25.1393 15
 61.000000 0.764717 -0.681988 -12.5361 -11.8885 -1.31414 0.130365 25.1507 16
 62.000000 0.811142 -0.811025 -6.71933 -10.293 -1.35295 0.130373 25.1721 16
 63.000000 0.952327 -0.892659 -32.8353 -8.84314 -1.39026 0.130414 25.2104 16
 64.000000 0.882495 -0.103783 -29.979 -8.12606 -1.42632 0.130482 25.2613 16
 65.000000 0.816073 -0.389208 -19.5003 -7.55229 -1.46111 0.130462 25.3252 16
 66.000000 1.04653 -1.64392 -19.7717 -7.33784 -1.49504 0.130482 25.3948 16
 67.000000 0.156844 1.23372 7.07446 -35.5036 -1.532 0.130482 25.3948 16
 68.000000 -0.162676 0.326483 8.9455 -33.3405 -1.56841 0.130482 25.3948 16
 69.000000 -0.0865387 1.55895 -1.44379 -32.4781 -1.6043 0.139181 25.3948 15
 70.000000 -0.269526 -0.719321 -6.68079 -31.07 -1.63968 0.130482 25.3948 16
 71.000000 -0.856353 2.21923 -17.8456 -3.96477 -1.66077 0.129668 25.6507 16
 72.000000 -2.67845 2.32476 -22.7209 3.00315 -1.48 0.136306 25.3453 16
 73.000000 -1.16039 1.9774 -22.223 -0.0819601 -1.4548 0.136824 26.1822 16
 74.000000 -1.38046 0.875102 -25.6528 1.3495 -1.38663 0.136427 27.1784 16
 75.000000 -1.47366 0.888677 -39.7526 1.43178 -1.31879 0.136638 28.1695 16
 76.000000 -1.90202 2.65048 -6.521 0.89241 -1.273 0.1363 29.1555 16
 77.000000 -2.55162 2.88242 -33.0012 3.46952 -1.09723 0.137465 28.344 16
 78.000000 -2.3165 2.66069 -25.5268 0.676767 -1.06472 0.138302 29.2701 16
 79.000000 -2.51596 2.69815 -20.8394 3.66583 -0.89413 0.138318 28.5865 16
 80.000000 -2.76175 2.62511 -12.4555 2.16746 -0.820926 0.137424 29.5492 16
 81.000000 -2.32673 2.70904 -29.9911 1.36111 -0.778748 0.138777 30.5301 16
 82.000000 -2.10743 2.55109 -42.2849 0.30678 -0.762415 0.140517 31.3436 17
 83.000000 -2.28738 2.75148 -38.5337 1.26839 -0.725357 0.140653 32.3182 17
 84.000000 -2.63141 2.73262 -7.30884 3.51115 -0.597643 0.147585 32.3076 17
 85.000000 -2.37388 2.49908 -39.277 2.33013 -0.533671 0.149866 33.265 17
 86.000000 -1.95129 2.52881 -18.2062 0.485746 -0.519239 0.149947 34.0851 17
 87.000000 -2.67764 -3.10155 -26.1964 3.29138 -0.419023 0.151068 34.5285 17
 88.000000 -2.34298 2.77973 -4.81171 2.16579 -0.368565 0.151427 35.5204 17
 89.000000 -2.34848 2.6717 -18.5239 2.4879 -0.309868 0.151762 36.466 17
 90.000000 -2.87304 2.62275 -28.0333 0.464099 -0.299916 0.154068 37.2613 18
 91.000000 -2.31336 2.50939 -28.8595 2.40769 -0.247309 0.153309 38.2237 18
 92.000000 -1.22464 2.45474 -28.0657 -0.583418 -0.250693 0.153662 38.814 18
 93.000000 -1.12165 0.575792 -26.9459 -1.18974 -0.259031 0.153318 39.301 18
 94.000000 -2.47337 2.34732 -23.6026 3.34125 -0.175507 0.153438 39.7792 18
 95.000000 -0.0325188 1.73854 41.5738 -33.3604 -0.201626 0.153438 39.7792 18
 96.000000 1.25732 -0.642976 -31.4159 -11.0321 -0.227136 0.145431 39.7898 19
 97.000000 1.32779 -0.157273 -27.8089 -11.7681 -0.252468 0.145411 39.7978 19
 98.000000 1.36462 -0.138403 -18.8282 -12.0026 -0.277562 0.145398 39.805 19
 99.000000 0.260574 -0.0467519 -3.22852 -33.8048 -0.302631 0.138128 39.805 20
 100.000000 0.266759 -1.49541 4.74387 -32.7069 -0.327451 0.138128 39.805 20
 101.000000 0.368058 -1.12529 -0.462463 -26.5777 -0.352025 0.131551 39.805 21
 102.000000 0.997604 -1.22859 -9.66827 -8.34124 -0.375366 0.131552 39.8361 21
 103.000000 0.97534 -0.661575 -23.8074 -7.85141 -0.398258 0.131557 39.874 21
 104.000000 1.07852 0.0334635 -18.9442 -7.75936 -0.420874 0.131546 39.9132 21
 105.000000 1.07491 -0.891975 -31.6292 -7.28568 -0.443002 0.131531 39.9606 21
 106.000000 -0.304846 0.13916 -17.1638 -31.0516 -0.466423 0.131531 39.9606 21
 107.000000 0.354795 0.894357 6.10452 -27.2876 -0.489626 0.138107 39.9606 20
 108.000000 -1.70903 0.873904 -24.0789 -1.49414 -0.497223 0.137865 40.3908 20
 109.000000 -1.36228 0.552791 3.8978 0.715958 -0.483059 0.137519 41.2291 20
 110.000000 -1.36182 0.80741 -51.7438 1.03859 -0.464243 0.137131 42.1293 20
 111.000000 -1.38909 1.01737 -26.6221 1.36308 -0.440296 0.136564 43.082 20
 112.000000 -1.65269 1.36129 -11.5105 -1.22753 -0.446277 0.136376 43.5611 20
 113.000000 -1.49829 1.12913 -6.35995 0.892246 -0.430786 0.136238 44.4414 20
 114.000000 -1.53928 1.06922 -27.4991 0.760727 -0.417539 0.139211 45.2998 21
 115.000000 -1.02788 1.06041 -35.2321 -2.11775 -0.428189 0.139932 45.6559 21
 116.000000 -1.20788 1.32281 -13.4799 0.237075 -0.421681 0.140084 46.4159 21
 117.000000 -1.93487 1.59905 -34.423 0.179173 -0.41593 0.139896 47.1669 21
 118.000000 -0.269558 1.31086 -5.44666 -31.0178 -0.436979 0.139896 47.1669 21
 119.000000 0.381971 -1.58406 -4.97055 -25.9859 -0.457852 0.139896 47.167 21
 120.000000 -1.97188 2.02966 -6.3439 0.498049 -0.448243 0.139859 47.9841 21
 121.000000 -1.97439 2.89946 -22.8757 0.786205 -0.435185 0.139839 48.8585 21
 122.000000 -2.3839 2.6835 -32.6091 3.03986 -0.374531 0.140656 49.5194 21
 123.000000 -1.90002 2.67851 -2.68307 0.757925 -0.362999 0.140384 50.3821 21
 124.000000 -2.4321 3.11356 -15.3604 3.41482 -0.293198 0.141594 50.7353 21
 125.000000 -2.56451 2.25255 -25.671 3.54602 -0.221761 0.141738 51.0195 21
 126.000000 -1.52902 2.6592 -25.0772 0.686217 -0.213152 0.142331 51.8423 21
 127.000000 -2.59255 2.8116 -37.3419 3.57227 -0.144701 0.1431 52.1706 21
 128.000000 3.09671 2.56562 1.83737 -9.78864 -0.163705 0.136691 52.1874 22
 129.000000 -1.83299 2.97216 -49.1615 0.152656 -0.161111 0.136665 52.8921 22
 130.000000 -2.61515 2.59379 -34.7425 3.71324 -0.0911399 0.139802 53.1215 22
 131.000000 -1.74291 2.75688 -33.1311 -0.711444 -0.0953039 0.139588 53.6515 22
 132.000000 -1.84564 2.74234 1.2728 0.590927 -0.0893718 0.139549 54.4326 22
 133.000000 -2.06935 2.73167 -28.1452 0.286097 -0.0863497 0.13974 55.1551 22
 134.000000 -1.98201 2.39114 -20.3843 1.17257 -0.0742491 0.139874 56.0513 22
 135.000000 -2.10267 2.77331 -22.2753 0.476659 -0.0697203 0.139568 56.8161 22
 136.000000 -1.95045 1.9643 -16.327 1.52587 -0.0534621 0.139448 57.7709 22
 137.000000 -1.83861 2.17037 -11.8356 1.04882 -0.0434384 0.139423 58.6501 22
 138.000000 -1.5431 -0.00488832 -37.1797 0.513248 -0.0389554 0.139499 59.4278 22
 139.000000 2.75745 2.71247 11.0705 -27.6811 -0.0568357 0.139499 59.4278 22
 140.000000 -2.74857 2.83583 -20.2355 2.2692 -0.0297242 0.139084 60.4229 22
 141.000000 -1.27292 2.79748 -27.5171 0.383411 -0.026562 0.139702 61.176 22
 142.000000 -1.01374 0.468733 -29.6753 -2.57107 -0.0377408 0.139827 61.461 22
 143.000000 -0.544133 1.33014 -13.2758 -20.841 -0.0551189 0.139823 61.4612 22
 144.000000 1.08474 -1.00899 -27.8254 -8.11961 -0.0716978 0.139813 61.4943 22
 145.000000 1.36275 -0.725065 -32.2345 -12.4815 -0.0887223 0.139806 61.5001 22
 146.000000 0.0926269 -0.598022 -9.3089 -33.7431 -0.105749 0.139806 61.5001 22
 147.000000 0.431272 -0.521977 1.90424 -24.0233 -0.122658 0.139806 61.5002 22
 148.000000 0.810763 -0.377463 -16.1926 -9.45668 -0.139056 0.139797 61.5196 22
 149.000000 1.09127 -0.67674 -31.1926 -7.8581 -0.154982 0.139785 61.5564 22
 150.000000 0.410341 -0.145796 0.239532 -24.5031 -0.171555 0.139785 61.5565 22
 151.000000 0.142506 -0.946064 -15.9047 -32.0329 -0.188019 0.139785 61.5565 22
 152.000000 1.27343 -0.739857 -23.6139 -10.1728 -0.204076 0.139789 61.5711 22
 153.000000 0.900746 -0.553017 -15.502 -8.13012 -0.219646 0.139802 61.6042 22
 154.000000 1.02106 0.215436 -23.3917 -7.29545 -0.234842 0.139794 61.6502 22
 155.000000 1.15578 -0.620097 -43.1176 -7.87495 -0.25013 0.139791 61.6868 22
 156.000000 -0.348178 -1.02346 25.2807 -28.7877 -0.266069 0.139791 61.6868 22
 157.000000 0.598536 -1.07147 -11.0567 -15.1154 -0.281864 0.133722 61.6888 23
 158.000000 -0.183558 1.35703 28.1155 -31.0638 -0.297602 0.133722 61.6888 23
 159.000000 -0.887648 -0.620803 -8.7807 -4.68807 -0.310543 0.133536 61.817 23
 160.000000 0.703083 -0.897622 -18.4388 -11.0042 -0.32587 0.128025 61.8276 24
 161.000000 1.23138 -1.65637 -21.9171 -8.46109 -0.340721 0.128045 61.8566 24
 162.000000 0.343804 -1.37107 23.8798 -24.5746 -0.35607 0.128045 61.8566 24
 163.000000 -0.52229 -0.752855 -3.14798 -20.385 -0.371321 0.128044 61.8569 24
 164.000000 1.22811 -0.867973 -23.4759 -8.0542 -0.385785 0.128054 61.891 24
 165.000000 0.707713 -0.817769 -25.0524 -10.4603 -0.40059 0.128059 61.9041 24
 166.000000 -0.505479 -1.02517 10.1598 -20.7653 -0.415567 0.128059 61.9043 24
 167.000000 1.05379 -1.14423 -33.414 -6.55863 -0.429187 0.128048 61.966 24
 168.000000 1.16128 -0.863563 -16.7094 -6.80095 -0.442836 0.128058 62.0222 24
 169.000000 0.0849308 -0.277642 -2.28943 -32.0558 -0.457552 0.128058 62.0222 24
 170.000000 0.403747 -2.18876 -0.507599 -21.9576 -0.472179 0.128058 62.0223 24
 171.000000 -2.52688 0.386962 -16.125 4.0123 -0.400185 0.127867 61.7412 24
 172.000000 1.19439 -0.802784 -18.1077 -6.84577 -0.413551 0.127902 61.7943 24
 173.000000 1.19543 -0.796519 -8.16898 -6.52557 -0.426684 0.127921 61.8546 24
 174.000000 0.492884 -0.579075 10.5822 -17.673 -0.440964 0.127923 61.8553 24
 175.000000 0.881294 -0.534445 -16.846 -7.52487 -0.454345 0.127928 61.8959 24
 176.000000 1.3379 -0.569387 -15.5065 -8.76137 -0.46797 0.122933 61.9208 25
 177.000000 0.879818 -0.378773 -16.4035 -7.13459 -0.481049 0.122936 61.9682 25
 178.000000 0.88416 -0.752678 -11.3256 -6.77524 -0.4939 0.122937 62.0229 25
 179.000000 0.959656 -1.18299 -15.6205 -6.02177 -0.506277 0.122957 62.0966 25
 180.000000 0.975934 -0.982612 -22.8439 -5.58398 -0.518287 0.122971 62.1841 25
 181.000000 0.836272 0.393483 -22.0662 -6.46992 -0.530763 0.122965 62.2459 25
 182.000000 1.18565 -0.224525 -21.86 -5.89593 -0.542836 0.122996 62.3234 25
 183.000000 0.724778 -0.459596 -19.1886 -8.4364 -0.555854 0.123018 62.3518 25
 184.000000 0.823598 -0.657404 -33.9449 -6.2528 -0.567992 0.123019 62.4192 25
 185.000000 0.91651 -0.904121 -34.8488 -5.25927 -0.579384 0.123051 62.5188 25
 186.000000 1.10738 -0.404341 -13.902 -5.10996 -0.590579 0.123067 62.6245 25
 187.000000 0.947334 -0.360411 -20.5261 -4.75665 -0.601373 0.123125 62.7459 25
 188.000000 0.415116 -0.354966 29.0848 -19.732 -0.614599 0.123124 62.7462 25
 189.000000 1.04635 -0.649622 -2.98462 -4.47502 -0.624956 0.123127 62.8816 25
 190.000000 0.813739 -0.663255 -22.7856 -5.52316 -0.636208 0.123128 62.9718 25
 191.000000 0.998644 -0.508051 -19.5197 -4.09987 -0.645978 0.12315 63.1286 25
 192.000000 1.08333 -0.817632 -29.7072 -4.0501 -0.655619 0.123154 63.2886 25
 193.000000 1.18744 -0.727428 -43.754 -4.81314 -0.66607 0.123203 63.4079 25
 194.000000 1.02969 -0.890259 -41.0288 -3.54146 -0.674838 0.123206 63.6025 25
 195.000000 1.2872 -1.12122 -11.6646 -6.34282 -0.686279 0.128076 63.6682 24
 196.000000 0.490818 -0.717125 7.3699 -16.5667 -0.698951 0.128077 63.6693 24
 197.000000 1.10675 -0.472969 -7.65375 -3.58904 -0.707609 0.12809 63.8608 24
 198.000000 0.811385 -0.337254 -19.443 -5.21374 -0.718107 0.128083 63.9633 24
 199.000000 -0.546198 -0.40455 -6.25201 -18.6007 -0.7306 0.128083 63.9638 24
 200.000000 0.806545 -0.640513 -20.3138 -4.97345 -0.740766 0.128086 64.0765 24
 201.000000 1.78406 -0.772669 8.04385 -37.8477 -0.753145 0.122963 64.0765 25
 202.000000 -0.461139 -0.709756 -5.15448 -20.8247 -0.765458 0.122963 64.0767 25
 203.000000 1.10758 -0.928423 -28.9317 -3.20909 -0.773107 0.122973 64.2984 25
 204.000000 0.964466 -0.660701 -32.4128 -3.09875 -0.780496 0.123032 64.5299 25
 205.000000 0.0820806 -0.612951 15.0226 -31.671 -0.792634 0.123032 64.5299 25
 206.000000 1.15914 -1.15631 -28.8339 -3.2714 -0.800235 0.123185 64.7472 25
 207.000000 1.05899 -0.940264 -28.5535 -2.4049 -0.805931 0.123182 65.0474 25
 208.000000 0.00913081 -0.864899 10.4341 -31.5805 -0.817894 0.123182 65.0474 25
 209.000000 -1.70164 2.09079 -17.1206 -0.219203 -0.814674 0.123116 65.6799 25
 210.000000 -1.51346 1.40614 -56.2068 1.06663 -0.801399 0.123495 66.5654 25
 211.000000 1.0939 -0.597712 -28.3568 -2.2697 -0.806639 0.123525 66.8834 25
 212.000000 -1.60241 1.33631 -9.72153 0.524897 -0.798392 0.123512 67.6677 25
 213.000000 -1.72425 1.09511 -26.6136 0.273735 -0.79214 0.123404 68.4035 25
 214.000000 -1.0035 1.12718 -18.8745 -2.33495 -0.797498 0.123429 68.7168 25
 215.000000 -1.4322 0.788336 -27.8918 1.49815 -0.780119 0.123607 69.676 25
 216.000000 -1.23614 0.84336 -38.4478 0.424425 -0.772994 0.123684 70.4461 25
 217.000000 -1.28597 1.1604 -38.0612 1.06232 -0.760586 0.124227 71.34 25
 218.000000 -1.06138 1.14045 -16.7486 -1.23633 -0.762564 0.124495 71.8058 25
 219.000000 -1.3385 1.14532 -41.4823 1.56727 -0.745111 0.124658 72.777 25
 220.000000 -1.29021 1.05391 -22.9373 1.53888 -0.728255 0.125322 73.7454 25
 221.000000 -1.44055 1.15404 -25.49 1.92195 -0.70707 0.125596 74.7438 25
 222.000000 -1.46097 1.24604 -10.8647 2.04476 -0.684645 0.126044 75.7437 25
 223.000000 -1.53585 0.555563 -29.6367 1.69977 -0.66688 0.126302 76.729 25
 224.000000 -0.583777 -0.37837 1.14337 -18.1227 -0.67798 0.126302 76.7297 25
 225.000000 1.55131 -0.943417 -7.90552 -18.1474 -0.689032 0.121446 76.7303 26
 226.000000 1.29445 -0.758303 -2.27579 -5.49198 -0.698435 0.121347 76.8263 26
 227.000000 0.250544 -0.590243 -7.44531 -24.3673 -0.709399 0.116853 76.8264 27
 228.000000 0.686489 -0.676779 -38.6479 -7.46599 -0.719586 0.116824 76.8705 27
 229.000000 0.828426 -0.680332 -27.9095 -4.25029 -0.727812 0.116809 77.0261 27
 230.000000 -0.163494 -0.459781 31.2262 -30.5746 -0.738633 0.116809 77.0261 27
 231.000000 -1.19133 2.15536 -23.3336 0.970043 -0.728078 0.11647 77.9095 27
 232.000000 -2.10062 2.37596 -3.237 0.641107 -0.72026 0.116296 78.7323 27
 233.000000 -2.51853 -3.13505 -8.84518 3.97004 -0.661728 0.116083 78.3698 27
 234.000000 -0.797211 1.75011 -11.9763 -6.94026 -0.671505 0.112142 78.4228 28
 235.000000 -0.93135 1.21917 -45.6313 -3.0637 -0.678032 0.112031 78.6612 28
 236.000000 -3.00709 3.0321 -32.9121 -3.90512 -0.685682 0.112019 78.8348 28
 237.000000 -1.87507 2.45287 -23.1395 1.58248 -0.670192 0.111897 79.8031 28
 238.000000 -2.10121 2.52737 -29.2398 0.869699 -0.661295 0.11173 80.6581 28
 239.000000 -1.35097 0.483602 -44.1674 2.38592 -0.636549 0.111924 81.6391 28
 240.000000 1.72226 -0.346448 23.2531 -26.2131 -0.646921 0.111924 81.6392 28
 241.000000 1.16216 -0.50118 -33.608 -2.74602 -0.652792 0.112038 81.9087 28
 242.000000 1.03178 -0.77807 -23.8683 -2.10085 -0.657317 0.112027 82.2503 28
 243.000000 0.994615 -0.759295 -33.7082 -2.06802 -0.661736 0.112033 82.5965 28
 244.000000 0.943596 -0.499379 -28.0238 -2.28551 -0.666612 0.112224 82.9172 28
 245.000000 1.35633 -1.1057 -30.0263 -6.84962 -0.675919 0.108559 82.9728 29
 246.000000 0.991853 -0.701694 -25.4634 -1.53654 -0.678868 0.1086 83.392 29
 247.000000 1.14649 -0.584747 -27.407 -1.91168 -0.682793 0.108777 83.76 29
 248.000000 1.3295 -0.582204 -34.7959 -5.52318 -0.691386 0.108842 83.8542 29
 249.000000 1.01574 -1.09046 -28.3203 -1.10853 -0.692923 0.108863 84.3412 29
 250.000000 0.992464 -1.24226 -23.91 -0.968031 -0.693961 0.108911 84.8525 29
 251.000000 -0.569214 -0.487968 -5.68652 -16.8281 -0.703864 0.108911 84.8536 29
 252.000000 1.56588 -0.843991 0.726593 -16.0618 -0.713721 0.108909 84.855 29
 253.000000 0.0346627 0.130886 12.853 -30.5758 -0.723561 0.108909 84.855 29
 254.000000 -0.297355 0.339334 10.5289 -26.1453 -0.733362 0.108909 84.855 29
 255.000000 -1.21526 0.861744 -25.8968 1.54136 -0.718894 0.108684 85.8243 29
 256.000000 -1.2573 0.936358 -35.5349 2.13947 -0.698158 0.108786 86.8219 29
 257.000000 -1.25355 0.89297 -40.5459 2.32082 -0.675497 0.1088 87.8059 29
 258.000000 -1.16954 0.556652 -29.2512 1.6459 -0.660746 0.10845 88.7861 29
 259.000000 -1.48107 0.442847 -9.20712 2.41195 -0.637564 0.109507 89.7579 29
 260.000000 -0.746577 2.23436 -17.6134 -8.15786 -0.646669 0.109442 89.7913 29
 261.000000 -1.51765 2.22538 -15.1105 2.34431 -0.624706 0.109686 90.7732 29
 262.000000 -2.63017 -3.05564 -3.38541 3.58826 -0.583189 0.11064 91.0499 29
 263.000000 -3.06348 2.66584 -22.0906 -5.81168 -0.59149 0.110575 91.1329 29
 264.000000 -2.78227 2.89242 -39.253 1.76547 -0.576731 0.110396 92.1195 29
 265.000000 -2.90315 2.85587 -5.81879 -0.761699 -0.577401 0.109921 92.6593 29
 266.000000 -2.19076 2.32081 -1.577 0.667536 -0.571362 0.10969 93.476 29
 267.000000 -2.29512 2.63617 -30.5773 1.89231 -0.555728 0.109299 94.4719 29
 268.000000 -2.87373 2.77833 -24.9251 0.164028 -0.552628 0.109478 95.1898 29
 269.000000 -2.89946 2.91232 -12.3244 -0.197455 -0.551215 0.109346 95.8377 29
 270.000000 -2.32117 2.5831 -8.88596 2.35306 -0.531012 0.109063 96.8205 29
 271.000000 -2.43858 2.81381 5.23553 3.51697 -0.493987 0.109274 97.1977 29
 272.000000 -2.22885 2.78989 -25.1722 1.55664 -0.482362 0.10899 98.1617 29
 273.000000 -1.37459 1.4741 -10.5642 2.65163 -0.45959 0.109177 99.0964 29
 274.000000 -0.985499 0.962387 -28.8766 -2.22271 -0.464191 0.109119 99.4203 29
 275.000000 -1.13112 0.650136 -26.837 0.958549 -0.457252 0.108914 100.289 29
 276.000000 -1.27132 0.893934 -43.4774 2.56802 -0.436063 0.109172 101.243 29
 277.000000 -1.18345 0.869595 -29.1874 2.10587 -0.420226 0.108871 102.242 29
 278.000000 -1.37138 1.04664 -5.00958 2.87571 -0.395774 0.109068 103.106 29
 279.000000 -1.21702 1.25667 -28.3855 2.61907 -0.374935 0.108851 104.053 29
 280.000000 -1.25564 0.98482 -25.0251 2.99077 -0.349721 0.108936 104.874 29
 281.000000 -1.5567 1.047 -39.4306 1.79593 -0.337688 0.108815 105.86 29
 282.000000 -1.73158 1.20974 -17.201 0.00687941 -0.336383 0.108715 106.534 29
 283.000000 -1.21059 0.876738 -38.9351 2.88156 -0.313363 0.108452 107.406 29
 284.000000 -0.632898 0.60818 -8.45016 -13.0416 -0.322077 0.108456 107.41 29
 285.000000 -2.10661 1.56577 -32.6626 0.814655 -0.317047 0.108369 108.244 29
 286.000000 -1.64023 0.748623 -21.974 0.737857 -0.312476 0.108553 109.065 29
 287.000000 -1.44709 0.570503 -40.4216 2.82489 -0.290766 0.108877 109.956 29
 288.000000 -1.07945 0.510157 -3.72452 0.622627 -0.286952 0.109544 110.753 29
 289.000000 -1.58358 0.882201 -23.0115 1.72147 -0.276334 0.109437 111.732 29
 290.000000 -1.45931 1.10703 -25.8125 2.94025 -0.253882 0.109843 112.58 29
 291.000000 -1.36631 0.60965 -41.7212 3.22396 -0.228114 0.110004 113.279 29
 292.000000 -0.0697448 1.31044 24.3921 -31.2019 -0.236642 0.110004 113.279 29
 293.000000 0.0515458 -1.51985 11.3025 -30.5035 -0.24514 0.110004 113.279 29
 294.000000 -0.0847761 -0.669759 -4.74524 -30.5517 -0.25361 0.110004 113.279 29
 295.000000 1.03111 -0.29064 -17.108 -1.40633 -0.25673 0.110013 113.703 29
 296.000000 -1.57257 1.38916 -26.0479 2.10478 -0.243519 0.109921 114.703 29
 297.000000 -1.26624 0.225049 -21.3978 3.21168 -0.218569 0.110073 115.42 29
 298.000000 2.78971 3.06097 9.89832 -26.4817 -0.226925 0.110073 115.42 29
 299.000000 -1.00542 -0.116225 -25.8671 -1.21316 -0.229642 0.109964 115.871 29
 300.000000 0.949324 -1.24586 -34.1626 -1.80006 -0.233516 0.110187 116.24 29
 301.000000 0.916913 -0.306788 -26.0651 -2.00863 -0.237725 0.110244 116.582 29
 302.000000 1.0011 0.0930068 -15.4379 -1.13618 -0.240217 0.110297 117.047 29
 303.000000 -1.19657 2.28034 -21.2128 2.89619 -0.219655 0.110035 117.924 29
 304.000000 0.0921889 -1.21903 -23.2654 -29.7548 -0.227847 0.110035 117.924 29
 305.000000 0.803677 -1.2112 -4.74258 -4.03969 -0.234238 0.109984 118.084 29
 306.000000 0.719886 -0.934579 -22.6507 -6.25035 -0.241646 0.110014 118.152 29
 307.000000 0.32225 0.35145 26.4925 -22.1386 -0.249756 0.110014 118.152 29
 308.000000 -2.51465 2.76552 -20.3111 3.50254 -0.221653 0.109879 118.646 29
 309.000000 -2.03947 1.90326 -41.8422 0.832136 -0.217426 0.109958 119.473 29
 310.000000 -2.67073 2.92759 -30.3387 2.83458 -0.198257 0.109983 120.381 29
 311.000000 -2.35581 2.50172 -22.4147 2.5339 -0.182396 0.110036 121.357 29
 312.000000 -1.41134 2.83245 0.483337 3.20352 -0.159501 0.110123 122.106 29
 313.000000 0.0456907 -1.01707 -7.62149 -29.8707 -0.167457 0.110123 122.106 29
 314.000000 1.411 -1.15153 -34.914 -9.02029 -0.17516 0.110096 122.128 29
 315.000000 -0.0968691 -0.20912 3.45847 -30.1853 -0.183066 0.110096 122.128 29
 316.000000 1.02065 -0.54307 -37.4573 -1.0712 -0.185424 0.110123 122.595 29
 317.000000 -1.74644 1.19139 -3.04028 0.102247 -0.184466 0.109962 123.273 29
 318.000000 -1.90554 1.58759 -17.8951 0.97421 -0.179847 0.109877 124.126 29
 319.000000 -0.1901 1.09976 -4.56113 -29.493 -0.187654 0.109877 124.126 29
 320.000000 -2.58751 2.37139 -34.8909 3.47614 -0.161802 0.110256 124.674 29
 321.000000 -1.6248 2.2428 -18.6953 1.31118 -0.155574 0.110692 125.584 29
 322.000000 -2.96224 2.64387 -43.0747 -2.35552 -0.160104 0.110961 125.88 29
 323.000000 -2.27119 2.4836 -41.1635 1.70207 -0.151575 0.110713 126.847 29
 324.000000 -2.64714 2.79144 -41.0757 3.18059 -0.130152 0.110993 127.617 29
 325.000000 -2.76338 3.02283 -27.058 1.87579 -0.120721 0.110824 128.601 29
 326.000000 -1.88801 2.57629 -27.9914 0.935276 -0.116704 0.11073 129.442 29
 327.000000 -2.30485 2.6824 -30.6408 2.14184 -0.105526 0.110525 130.442 29
 328.000000 -3.02465 2.86394 -32.7457 -4.00474 -0.111527 0.110467 130.601 29
 329.000000 -2.17204 2.588 -14.0413 0.897801 -0.10776 0.110451 131.436 29
 330.000000 -2.90499 2.85045 -20.4708 -0.790328 -0.109565 0.1104 131.949 29
 331.000000 -2.75576 2.66139 -37.2646 2.1318 -0.0986486 0.110235 132.948 29
 332.000000 -2.77615 2.83869 1.96097 1.98382 -0.0888961 0.110155 133.942 29
 333.000000 -1.45398 2.20919 -24.873 2.99695 -0.0706976 0.110444 134.798 29
 334.000000 -2.78883 2.55148 -12.2549 1.92341 -0.0615982 0.110441 135.787 29
 335.000000 -1.366 1.09966 -41.4044 3.23445 -0.0412758 0.110561 136.527 29
 336.000000 -1.22691 0.872974 -26.1986 2.93028 -0.024373 0.110425 137.417 29
 337.000000 -1.15971 0.761057 -17.8393 2.29536 -0.0130744 0.110277 138.416 29
 338.000000 -0.602378 2.3223 5.35117 -14.9448 -0.0204247 0.110277 138.418 29
 339.000000 -1.31299 0.259299 -25.2536 3.34506 0.00042952 0.110815 139.1 29
 340.000000 -0.992946 0.536325 -43.739 -1.63006 -0.00308309 0.110706 139.479 29
 341.000000 -1.63637 0.877325 -11.4365 1.07609 0.000861935 0.110959 140.342 29
 342.000000 -1.39976 -0.0517116 -43.8885 3.42312 0.0221745 0.110997 140.972 29
 343.000000 -1.05329 2.46509 -23.0036 0.0259247 0.0221854 0.111144 141.625 29
 344.000000 2.99226 2.20563 -2.10382 -15.3534 0.0149602 0.107445 141.627 30
 345.000000 -1.16065 1.18943 -41.8196 2.5311 0.0274879 0.10729 142.612 30
 346.000000 -1.71653 2.18752 -26.8522 0.444736 0.0287964 0.107179 143.348 30
 347.000000 -3.14156 -2.98358 -13.5297 -7.87551 0.0219207 0.107226 143.382 30
 348.000000 -2.02181 1.87257 -17.4833 0.827263 0.0246429 0.107392 144.196 30
 349.000000 -3.05996 3.03859 -23.5497 -4.72834 0.0185689 0.107314 144.315 30
 350.000000 -2.23481 2.58888 -21.0034 1.46044 0.024124 0.107228 145.243 30
 351.000000 -2.72565 2.55995 -24.5665 2.75079 0.038141 0.107102 146.191 30
 352.000000 -2.35476 2.98688 -36.8469 2.51566 0.0501246 0.107106 147.177 30
 353.000000 -2.31348 2.82126 -37.9899 2.40443 0.0611618 0.106965 148.172 30
 354.000000 -2.81895 2.66076 10.1975 1.56896 0.0669891 0.107969 149.117 30
 355.000000 -2.49756 2.76329 -47.2666 3.27777 0.0852981 0.107803 149.853 30
 356.000000 -1.76054 2.87661 -23.5664 0.313256 0.0859666 0.107676 150.562 30
 357.000000 2.93129 2.52512 -0.0180054 -17.73 0.078995 0.107674 150.562 30
 358.000000 -1.60561 0.59283 -13.6961 1.5804 0.0847249 0.107565 151.508 30
 359.000000 -2.86925 2.90511 -41.8394 0.719174 0.0867308 0.10757 152.299 30
 360.000000 -1.70729 2.42412 -38.3404 0.757948 0.0888635 0.107506 153.099 30
 361.000000 -2.00584 2.79107 -2.84665 0.914522 0.0915657 0.107602 153.93 30
 362.000000 -2.29088 2.75659 -44.7367 2.28497 0.101231 0.10745 154.93 30
 363.000000 -1.93564 2.54229 -42.5517 1.13035 0.104728 0.107387 155.803 30
 364.000000 -1.83402 1.70713 -28.9205 0.792035 0.106895 0.107392 156.612 30
 365.000000 -1.35342 1.36196 -15.9207 3.43122 0.125847 0.107499 157.23 30
 366.000000 -0.651308 1.7758 -23.1064 -13.4699 0.119071 0.1075 157.234 30
 367.000000 -2.13534 2.31845 -44.0376 0.821016 0.121273 0.107456 158.046 30
 368.000000 -0.94427 0.902969 -19.0668 -2.55096 0.116825 0.107322 158.318 30
 369.000000 -1.42925 1.02798 -34.3462 3.36634 0.134823 0.107399 158.993 30
 370.000000 -1.01142 1.41189 -40.0957 -0.816355 0.13269 0.107345 159.493 30
 371.000000 -2.06066 1.48796 -27.1816 0.952723 0.135299 0.107347 160.33 30
 372.000000 -0.829534 0.992397 -27.0254 -5.92385 0.129193 0.107417 160.405 30
 373.000000 -1.5927 1.2222 -28.9596 1.81749 0.135639 0.107336 161.38 30
 374.000000 -1.44295 0.723627 -44.0159 3.388 0.153425 0.107471 162.043 30
 375.000000 -1.52726 0.808924 -41.2196 2.73704 0.165452 0.107723 162.997 30
 376.000000 -1.46308 1.03326 -35.4114 3.41223 0.183091 0.108041 163.655 30
 377.000000 -1.17957 0.863592 -42.446 2.57387 0.193678 0.107879 164.639 30
 378.000000 -1.13019 0.828017 -30.6012 1.95069 0.200399 0.107829 165.624 30
 379.000000 -1.52638 0.851094 -13.3625 2.92738 0.213388 0.108091 166.534 30
 380.000000 -1.22753 0.903652 -31.2729 3.15322 0.228074 0.108016 167.36 30
 381.000000 -1.24406 0.674415 -35.8545 3.33354 0.24417 0.108014 168.091 30
 382.000000 -1.79793 0.64141 -15.4642 0.540109 0.24499 0.109003 168.835 31
 383.000000 -1.38012 0.364706 -48.3382 3.67496 0.264114 0.108953 169.298 31
 384.000000 -1.08653 0.465386 -28.743 1.21698 0.267126 0.109409 170.172 31
 385.000000 -1.31662 0.540076 -24.4149 3.62401 0.285419 0.109689 170.699 31
 386.000000 -1.6287 2.39009 -13.0372 1.58668 0.28983 0.110041 171.633 31
 387.000000 -2.05679 2.44778 -11.184 0.810485 0.291322 0.110047 172.426 31
 388.000000 -2.46818 2.67556 -37.9228 2.84098 0.302704 0.109939 173.373 31
 389.000000 -2.7307 3.01999 -29.8861 2.33477 0.31074 0.109873 174.373 31
 390.000000 -1.89421 2.06433 -20.2419 0.951481 0.312608 0.109944 175.194 31
 391.000000 -2.89602 2.88503 -26.1297 -0.113001 0.311609 0.10984 175.806 31
 392.000000 -1.31803 1.70881 -29.9213 3.68243 0.329713 0.110097 176.284 31
 393.000000 -0.13756 -0.882983 -8.18454 -30.3007 0.323375 0.110097 176.284 31
 394.000000 -0.291063 -0.723036 -6.03687 -29.0409 0.317052 0.110097 176.284 31
 395.000000 1.23016 -1.13223 -27.3921 -4.89353 0.311527 0.110077 176.392 31
 396.000000 0.56175 -0.759899 -27.0928 -13.343 0.305262 0.110067 176.395 31
 397.000000 -0.185785 1.55269 3.97446 -29.729 0.298987 0.110067 176.395 31
 398.000000 -0.922664 0.292855 -29.0829 -2.92125 0.294451 0.107635 176.624 32
 399.000000 -2.00335 2.69832 -46.2651 1.11231 0.296869 0.10774 177.474 32
 400.000000 -2.1548 2.81164 -15.6836 0.888393 0.298533 0.107678 178.282 32
 401.000000 -2.10113 2.15042 -11.593 1.00669 0.30057 0.107619 179.114 32
 402.000000 -1.90016 2.83802 -22.2511 1.18193 0.303192 0.107672 179.979 32
 403.000000 -2.38038 2.98739 -33.7383 2.51709 0.312 0.10776 180.973 32
 404.000000 -2.48379 2.73956 -22.1638 3.00388 0.323934 0.107635 181.874 32
 405.000000 -2.88093 2.68911 -18.0721 0.289767 0.32385 0.107599 182.563 32
 406.000000 -2.59388 2.61758 -39.167 3.09317 0.336292 0.107736 183.434 32
 407.000000 -2.2917 2.62909 -20.8956 2.0972 0.342555 0.107591 184.426 32
 408.000000 -2.59927 2.78716 -17.2974 3.17779 0.355429 0.107766 185.263 32
 409.000000 -2.49301 3.01562 -24.7476 3.25308 0.368749 0.107615 186.068 32
 410.000000 -2.14408 2.75165 -10.666 1.00323 0.370506 0.107553 186.895 32
 411.000000 -2.11959 2.71469 -27.5035 1.10676 0.372584 0.107487 187.743 32
 412.000000 -2.63759 3.05371 -1.33917 3.12227 0.384702 0.107738 188.608 32
 413.000000 3.12048 2.74036 -27.8338 -8.89748 0.378816 0.107733 188.63 32
 414.000000 -1.22908 2.26242 -26.3551 3.274 0.391957 0.107656 189.428 32
 415.000000 -0.465497 0.0718896 7.89389 -20.0389 0.385955 0.104394 189.429 33
 416.000000 0.770905 -0.680114 -17.4678 -5.74187 0.380481 0.104441 189.505 33
 417.000000 0.0338369 -0.910973 2.65329 -30.4848 0.374506 0.104441 189.505 33
 418.000000 0.802263 -0.741824 -12.2514 -4.8375 0.369284 0.104511 189.614 33
 419.000000 1.15041 -1.0682 -34.9075 -3.23196 0.364743 0.104543 189.816 33
 420.000000 -1.21503 1.38933 -38.2833 3.33261 0.378254 0.104417 190.586 33
 421.000000 -1.89913 0.854783 -18.6944 1.18499 0.38051 0.104465 191.445 33
 422.000000 -1.45456 1.10643 -31.9151 3.48886 0.395073 0.104616 192.119 33
 423.000000 -1.97642 2.55655 -48.5663 1.38237 0.397928 0.104651 193.013 33
 424.000000 -1.81402 2.3298 -18.3969 0.748982 0.398815 0.104805 193.786 33
 425.000000 -2.73232 2.74105 -46.8325 2.4738 0.406402 0.104719 194.784 33
 426.000000 -2.45869 -2.8917 -14.9877 3.13502 0.417976 0.104649 195.653 33
 427.000000 -1.42239 1.85825 -41.0526 3.73079 0.43409 0.104644 196.134 33
 428.000000 0.584537 -0.409571 -29.0721 -12.2225 0.428306 0.104647 196.14 33
 429.000000 1.14573 -0.366426 -20.3037 -3.13326 0.423892 0.104676 196.347 33
 430.000000 0.798629 -0.57733 -26.0996 -4.8745 0.418791 0.104713 196.453 33
 431.000000 1.40938 -0.920644 -33.6297 -9.97055 0.4131 0.104704 196.467 33
 432.000000 -0.233577 -0.518826 9.78894 -29.3597 0.407333 0.104704 196.467 33
 433.000000 0.555242 -1.01351 -13.1465 -13.6066 0.4016 0.104702 196.471 33
 434.000000 1.04507 -0.835775 -26.2329 -2.05058 0.398009 0.104707 196.78 33
 435.000000 0.888352 -0.199016 -26.2092 -3.14607 0.393666 0.104717 196.986 33
 436.000000 1.1086 -0.711427 -11.9739 -2.41519 0.389806 0.104804 197.258 33
 437.000000 1.13572 -1.02396 -9.1272 -2.61439 0.385816 0.104836 197.51 33
 438.000000 1.01514 -0.768096 -16.8679 -1.80551 0.382492 0.104848 197.849 33
 439.000000 1.26433 -0.882948 -12.3754 -5.16416 0.377431 0.102114 197.944 34
 440.000000 0.0873909 0.0671482 1.53363 -30.0938 0.371769 0.102114 197.944 34
 441.000000 0.677133 -0.508606 -12.0926 -7.96249 0.366319 0.0992975 197.975 35
 442.000000 0.863184 -0.632603 -13.5603 -3.25967 0.362001 0.0992978 198.173 35
 443.000000 -0.264671 -0.112274 21.6529 -28.6439 0.356377 0.0992978 198.173 35
 444.000000 0.926901 -0.535495 -21.7791 -2.2014 0.352779 0.0993431 198.467 35
 445.000000 1.0079 -1.03509 -36.1735 -1.50932 0.349836 0.0993564 198.845 35
 446.000000 0.196085 -1.39925 12.4528 -27.2799 0.344249 0.0965965 198.845 36
 447.000000 -0.572054 2.33132 6.37164 -16.1677 0.338683 0.0965962 198.846 36
 448.000000 -1.37172 0.708337 -45.3793 4.072 0.357869 0.0965455 198.906 36
 449.000000 -0.230344 0.0961039 7.12042 -28.6692 0.35232 0.0965455 198.906 36
 450.000000 0.886739 -0.296013 -2.7363 -2.49222 0.348555 0.0965538 199.169 36
 451.000000 0.837925 -0.371203 -29.6811 -3.19017 0.344368 0.0965563 199.371 36
 452.000000 0.75369 -0.356638 -36.8636 -4.99371 0.339505 0.0965555 199.472 36
 453.000000 1.20183 -0.930947 -50.747 -3.3973 0.335236 0.0965613 199.658 36
 454.000000 0.314403 -0.642345 -4.56717 -23.0511 0.329748 0.0965613 199.659 36
 455.000000 0.44474 -0.169797 -13.164 -18.1377 0.324275 0.0965611 199.659 36
 456.000000 -0.268892 -0.135269 -4.14279 -28.011 0.318811 0.0965611 199.659 36
 457.000000 1.2957 -0.287529 -34.3655 -5.60897 0.313866 0.0990516 199.738 35
 458.000000 -0.478602 0.741468 0.9328 -18.9455 0.308428 0.0990517 199.739 35
 459.000000 -3.05965 3.12481 -25.9217 -5.04181 0.303636 0.0990008 199.838 35
 460.000000 -0.153549 1.10669 19.0393 -28.9952 0.298219 0.0990008 199.838 35
 461.000000 -1.74056 0.767516 -21.9862 0.623212 0.298971 0.0990449 200.581 35
 462.000000 -1.96888 0.669119 -15.2412 1.53441 0.302421 0.0990732 201.498 35
 463.000000 1.42292 -0.494641 -5.10815 -9.79816 0.297134 0.0963635 201.513 36
 464.000000 0.183148 -0.347749 -0.384949 -27.1211 0.291764 0.0963635 201.513 36
 465.000000 -0.182449 -0.247307 -0.569855 -28.3902 0.286406 0.0963635 201.513 36
 466.000000 -0.444576 -0.314268 -2.97739 -19.9786 0.28106 0.0963634 201.513 36
 467.000000 -0.209826 1.32495 27.2925 -27.888 0.275725 0.0963634 201.513 36
 468.000000 0.324366 0.0770996 -10.9767 -22.14 0.270401 0.0963634 201.513 36
 469.000000 -1.48344 0.225327 -19.5995 3.56537 0.284938 0.0970131 202.15 36
 470.000000 1.44187 -0.81606 -1.15045 -10.3712 0.279711 0.0970078 202.162 36
 471.000000 -0.0117442 -0.461633 8.43112 -29.9324 0.27442 0.0970078 202.162 36
 472.000000 0.13826 -0.700466 -13.3453 -28.1347 0.269141 0.0970078 202.162 36
 473.000000 -1.58735 1.16232 -45.7005 2.28085 0.275659 0.0968822 203.16 36
 474.000000 -0.641496 2.36934 7.11447 -13.8581 0.27042 0.0968825 203.163 36
 475.000000 -1.28567 0.505519 -31.0992 3.84827 0.287117 0.0971755 203.545 36
 476.000000 -1.10415 0.476568 -10.3291 1.69402 0.291077 0.0976733 204.483 36
 477.000000 -2.18338 2.72438 -7.81161 1.29542 0.293662 0.0976503 205.354 36
 478.000000 -1.51326 1.94584 -24.4122 3.32399 0.305973 0.0978407 206.158 36
 479.000000 -1.61674 1.05354 -31.0276 1.99306 0.310992 0.0981661 207.134 36
 480.000000 -1.8346 1.25226 -12.911 1.05722 0.312799 0.0983341 207.959 36
 481.000000 -0.782005 1.04448 8.15009 -8.4301 0.307775 0.0983263 207.984 36
 482.000000 -1.35978 1.30564 -39.5547 4.09943 0.326157 0.0983164 208.062 36
 483.000000 -1.42944 1.33089 -29.6107 4.09834 0.34432 0.0983661 208.174 36
 484.000000 -1.65394 0.909324 -17.909 1.53518 0.347465 0.0984483 209.079 36
 485.000000 -2.07246 1.85831 -16.0044 1.30532 0.349867 0.098432 209.944 36
 486.000000 -1.61079 2.70002 -32.2577 2.20128 0.355498 0.0987572 210.935 36
 487.000000 -1.05461 0.955053 -36.3609 0.475404 0.355749 0.0987957 211.637 36
 488.000000 -1.51387 0.6539 -8.64294 3.47166 0.368406 0.0989842 212.379 36
 489.000000 -2.71234 3.07898 0.29425 2.59647 0.375741 0.0989059 213.376 36
 490.000000 -1.88264 2.01068 2.77664 1.33177 0.378113 0.0989966 214.245 36
 491.000000 -0.755706 1.1158 -22.6693 -9.60054 0.373131 0.098989 214.261 36
 492.000000 -1.1402 0.775534 -19.0398 2.39377 0.379438 0.0989666 215.26 36
 493.000000 -1.44656 0.915348 -30.8043 4.06377 0.396447 0.0991315 215.448 36
 494.000000 -1.76098 0.916708 -13.3073 0.818787 0.397376 0.0990602 216.213 36
 495.000000 1.00798 -0.774169 -21.3875 -1.63223 0.394575 0.0990677 216.563 36
 496.000000 -0.186858 -0.690191 -2.64932 -28.0688 0.389551 0.0990677 216.563 36
 497.000000 -0.911306 2.0853 18.2693 -3.30569 0.385678 0.099017 216.751 36
 498.000000 -1.20476 0.654574 -33.8996 3.32212 0.396876 0.0988999 217.584 36
 499.000000 -2.33012 2.82432 -42.7932 2.23251 0.402295 0.0988253 218.576 36
 500.000000 -2.10598 1.78845 -30.37 1.2324 0.40426 0.0987746 219.423 36
 501.000000 -2.72027 2.93191 -41.717 2.54807 0.411018 0.0986993 220.422 36
 502.000000 -2.07018 -3.12703 -14.8394 1.37337 0.413352 0.0986862 221.296 36
 503.000000 -2.70533 3.01229 -28.1344 2.75437 0.421042 0.098616 222.281 36
 504.000000 -2.30036 2.57453 -30.2207 2.09419 0.425758 0.098517 223.262 36
 505.000000 -1.7143 2.61376 -11.5503 1.07243 0.427217 0.0985125 224.079 36
 506.000000 -2.40713 2.52869 -31.0273 2.73225 0.434682 0.0986862 225.066 36
 507.000000 2.77804 2.77857 1.08746 -26.8379 0.429767 0.0986862 225.066 36
 508.000000 3.04969 3.073 -1.0636 -11.6427 0.4249 0.0986965 225.073 36
 509.000000 -2.21007 2.61332 -22.8811 1.49374 0.427516 0.101154 225.969 37
 510.000000 -2.21694 2.39441 -19.9973 1.57595 0.430368 0.101278 226.88 37
 511.000000 -2.18244 2.83383 -31.3149 1.48897 0.432942 0.101245 227.776 37
 512.000000 -2.18334 2.93838 -11.1845 1.59211 0.435817 0.0987586 228.69 36
 513.000000 -2.65329 2.92142 -30.4353 3.06217 0.444856 0.0988141 229.615 36
 514.000000 2.84563 2.8136 -6.97226 -22.9722 0.440008 0.0988142 229.615 36
 515.000000 -1.61642 0.405928 -25.9539 2.17971 0.444879 0.099065 230.604 36
 516.000000 -2.5492 2.87011 -28.4012 3.26497 0.454979 0.0990121 231.459 36
 517.000000 -2.25787 2.79481 -18.6545 2.10651 0.459496 0.0989658 232.441 36
 518.000000 -2.16379 2.87193 -24.8972 1.8405 0.463048 0.0989334 233.393 36
 519.000000 -2.16387 2.65803 -15.4148 1.93675 0.466908 0.0989002 234.357 36
 520.000000 -2.61357 2.61703 -46.6428 3.26949 0.476827 0.0991854 235.211 36
 521.000000 -3.00368 2.75774 -27.817 -3.5632 0.472991 0.099195 235.381 36
 522.000000 -2.73434 2.72884 -27.8261 2.65029 0.47963 0.0991188 236.375 36
 523.000000 -1.95957 3.08092 -23.6346 1.39047 0.481727 0.0991107 237.253 36
 524.000000 -2.78785 2.79219 -35.5707 1.98351 0.485648 0.0991371 238.223 36
 525.000000 -3.09783 2.64665 -24.0029 -6.50329 0.48119 0.09918 238.277 36
 526.000000 -2.84775 2.76629 -33.0801 0.927866 0.482118 0.0992864 239.066 36
 527.000000 -2.91706 2.46724 -21.3648 -0.656566 0.480386 0.0991932 239.558 36
 528.000000 -2.28072 2.95036 -30.3081 2.31604 0.485508 0.0991308 240.555 36
 529.000000 -2.40255 2.81588 -14.2054 2.76817 0.492544 0.0992241 241.537 36
 530.000000 -2.39618 2.8435 -24.8756 2.85429 0.499944 0.0992949 242.508 36
 531.000000 -3.06956 2.33448 -18.3159 -5.43821 0.495685 0.0992668 242.59 36
 532.000000 -2.96399 2.92094 -11.7634 -1.90413 0.492792 0.0993883 242.908 36
 533.000000 -2.97499 2.95323 -32.8372 -2.11648 0.48976 0.0994495 243.202 36
 534.000000 -2.46367 2.1198 -38.5841 3.13086 0.498523 0.0994006 244.106 36
 535.000000 -1.54646 2.65068 -34.162 2.97556 0.50642 0.0994019 245.054 36
 536.000000 1.11924 -1.16978 -24.6901 -2.49445 0.503167 0.0994396 245.309 36
 537.000000 0.765582 -0.863383 -5.93503 -5.16193 0.499006 0.0994468 245.401 36
 538.000000 1.12583 -0.729233 -40.4458 -2.46435 0.495787 0.0994739 245.66 36
 539.000000 1.45022 -0.831426 -27.698 -11.2314 0.491205 0.099472 245.668 36
 540.000000 0.32859 -0.712429 -24.8781 -22.4075 0.486591 0.099472 245.668 36
 541.000000 0.810453 -0.310959 2.25165 -4.07694 0.482725 0.0995162 245.808 36
 542.000000 0.846091 -0.604029 -18.3782 -3.35762 0.479113 0.09952 245.993 36
 543.000000 1.19813 -1.03558 -12.1374 -3.5062 0.475453 0.0995104 246.168 36
 544.000000 1.11498 -0.653999 -12.7571 -2.19559 0.472443 0.0995468 246.453 36
 545.000000 0.557046 -0.751384 -19.455 -13.5554 0.467887 0.0995462 246.457 36
 546.000000 1.03498 -0.910932 -25.9374 -1.69461 0.465242 0.0995526 246.8 36
 547.000000 1.22982 -0.783313 10.2527 -3.96117 0.461459 0.0995441 246.947 36
 548.000000 1.18396 -0.782078 -27.2782 -2.89797 0.458095 0.0995372 247.167 36
 549.000000 0.987357 -0.857211 -29.5221 -1.71327 0.455458 0.0995496 247.508 36
 550.000000 0.929308 -0.982333 -4.15973 -2.08813 0.452562 0.0995887 247.806 36
 551.000000 1.22257 -0.695454 -13.6967 -3.54834 0.448949 0.0995812 247.979 36
 552.000000 1.11326 -0.511394 -30.2778 -1.85282 0.44623 0.0996221 248.303 36
 553.000000 -1.0011 -0.195645 -18.8813 -0.979564 0.444269 0.0995662 248.746 36
 554.000000 0.85823 -1.75098 7.6554 -2.90313 0.440947 0.0995699 248.966 36
 555.000000 -1.192 2.47955 -12.799 2.98272 0.448877 0.0994759 249.909 36
 556.000000 -2.56387 2.48713 -41.7375 3.35153 0.458717 0.0994664 250.719 36
 557.000000 -2.00895 -2.93713 -3.24811 1.38764 0.460733 0.0995074 251.599 36
 558.000000 -1.84928 1.93257 -24.6909 1.01624 0.461846 0.0996413 252.408 36
 559.000000 -1.30137 0.0443949 -23.2083 3.64496 0.473324 0.0999469 253.033 36
 560.000000 -0.667825 1.13436 -7.76089 -12.9207 0.468894 0.0999479 253.037 36
 561.000000 -1.24474 0.177279 6.16943 3.50812 0.479444 0.0999145 253.766 36
 562.000000 -1.52521 0.711778 -5.24884 3.1861 0.488111 0.099992 254.655 36
 563.000000 -1.01284 0.353383 -31.3996 -0.671819 0.486466 0.0999498 255.142 36
 564.000000 -1.44769 0.567208 -21.5183 3.81538 0.49879 0.100084 255.635 36
 565.000000 0.163017 0.312309 -11.1416 -27.7583 0.494379 0.100084 255.635 36
 566.000000 -0.4387 0.407837 18.8603 -20.8608 0.489977 0.100084 255.635 36
 567.000000 -0.736303 0.634584 -20.5266 -10.4181 0.485637 0.100078 255.647 36
 568.000000 1.05525 -0.067582 -25.4669 -1.54646 0.483193 0.100089 256.005 36
 569.000000 0.0440609 0.294931 8.05392 -29.9031 0.478813 0.100089 256.005 36
 570.000000 0.795443 -0.10378 -17.2641 -4.05268 0.475153 0.100114 256.146 36
 571.000000 0.047345 0.174001 -5.36115 -29.6656 0.470788 0.100114 256.146 36
 572.000000 0.450273 0.302503 -7.70352 -18.2069 0.466434 0.100114 256.146 36
 573.000000 -0.681496 -0.124799 12.5313 -12.1346 0.462112 0.100115 256.152 36
 574.000000 -2.43232 2.62323 -40.9753 3.00601 0.469791 0.100162 257.097 36
 575.000000 -1.54897 2.02402 -26.2981 3.0325 0.477547 0.100158 258.036 36
 576.000000 -2.33915 2.58179 0.501678 2.69957 0.483752 0.100091 259.028 36
 577.000000 -0.674106 1.98021 11.8686 -12.2515 0.479459 0.100092 259.033 36
 578.000000 -0.83207 2.4217 -19.4495 -6.38544 0.475422 0.100112 259.089 36
 579.000000 -0.884269 2.46001 -12.1218 -4.27122 0.47176 0.100044 259.218 36
 580.000000 -1.26293 0.767875 -28.2166 3.59462 0.482458 0.100077 259.907 36
 581.000000 -2.46562 3.03315 -7.74854 3.21789 0.49099 0.100035 260.794 36
 582.000000 -2.0703 2.73464 -6.32065 1.48847 0.493093 0.100008 261.683 36
 583.000000 -2.86495 2.46389 -37.4142 0.462833 0.493042 0.100026 262.373 36
 584.000000 -0.21118 -0.369875 0.320038 -28.1806 0.488774 0.100026 262.373 36
 585.000000 0.494892 -0.182104 -10.2968 -16.4716 0.484519 0.100026 262.374 36
 586.000000 0.468386 0.546759 17.0219 -17.2475 0.480269 0.100026 262.375 36
 587.000000 -0.113905 0.0136206 -9.46216 -28.9376 0.476024 0.100026 262.375 36
 588.000000 0.935893 -0.544089 -36.8748 -1.99407 0.47336 0.100066 262.678 36
 589.000000 1.15778 -0.193498 -19.7031 -2.33038 0.470505 0.100068 262.947 36
 590.000000 -1.79116 0.891396 -15.2662 0.665182 0.470848 0.100054 263.678 36
 591.000000 -0.867016 2.47992 -14.705 -4.80912 0.467139 0.100005 263.783 36
 592.000000 -1.6189 0.215893 -24.4897 2.13137 0.471126 0.100217 264.765 36
 593.000000 -1.49995 0.976096 -21.7818 3.53357 0.481241 0.10045 265.495 36
 594.000000 0.212439 0.558985 20.5012 -26.2377 0.477045 0.10045 265.495 36
 595.000000 -1.20526 1.8773 -21.1436 3.2511 0.485572 0.100345 266.37 36
 596.000000 -1.63262 2.15849 -19.1146 2.02883 0.489148 0.100469 267.34 36
 597.000000 -2.61394 2.8392 -24.8875 3.18878 0.497275 0.100684 268.239 36
 598.000000 -1.09722 1.7861 -26.5275 1.39762 0.499084 0.100909 269.111 36
 599.000000 3.11391 2.64854 -22.4611 -8.99832 0.495016 0.100898 269.131 36
 600.000000 -3.11439 2.59463 -21.1033 -6.7577 0.491089 0.10091 269.179 36
 601.000000 -1.22955 0.826782 -35.3763 3.48305 0.500677 0.100833 269.947 36
 602.000000 -1.45168 1.43464 -37.8447 3.80262 0.512058 0.100993 270.486 36
 603.000000 -1.17854 1.66222 -35.9435 3.0586 0.519381 0.100921 271.427 36
 604.000000 -1.91895 0.870399 10.5158 1.18708 0.520646 0.100931 272.256 36
 605.000000 0.83291 -0.276002 -24.652 -3.35958 0.517396 0.100937 272.437 36
 606.000000 0.129101 0.760948 2.95651 -28.371 0.513284 0.100937 272.437 36
 607.000000 -1.54239 1.24619 -26.2984 3.21892 0.521306 0.10096 273.331 36
 608.000000 -0.0483106 -0.857611 -2.75528 -29.7361 0.517207 0.0982313 273.331 37
 609.000000 0.098109 -0.965103 17.9845 -28.628 0.513114 0.0982313 273.331 37
 610.000000 1.12395 -0.779443 -12.7222 -1.93729 0.510559 0.0982538 273.638 37
 611.000000 -0.393811 -0.649572 -16.6055 -23.0685 0.50648 0.0982538 273.638 37
 612.000000 -1.66902 2.07575 -5.97217 1.61684 0.508761 0.0982506 274.546 37
 613.000000 0.244818 0.957268 1.03876 -24.9852 0.504695 0.0982506 274.546 37
 614.000000 0.278887 -1.30517 -9.69522 -23.6918 0.500637 0.0982505 274.547 37
 615.000000 -0.365082 1.26708 7.13312 -24.0036 0.496584 0.0982506 274.547 37
 616.000000 3.11324 2.96911 -23.3174 -8.69946 0.49264 0.0982434 274.569 37
 617.000000 0.0861918 0.0442425 -6.63388 -28.4484 0.4886 0.0982434 274.569 37
 618.000000 0.149494 1.30389 13.297 -27.0441 0.484567 0.0982434 274.569 37
 619.000000 -0.53362 1.669 -7.50879 -16.9657 0.480545 0.0956599 274.57 38
 620.000000 2.53484 2.88859 10.76 -38.7147 0.476525 0.0932071 274.57 39
 621.000000 0.424823 -1.15065 -3.64465 -18.4653 0.472513 0.093207 274.57 39
 622.000000 -0.44643 -0.892385 14.804 -20.2696 0.468508 0.093207 274.57 39
 623.000000 2.71325 2.54558 -14.1158 -29.5303 0.464507 0.0908768 274.57 40
 624.000000 -1.95458 2.84073 -45.0212 1.54391 0.466667 0.090873 275.466 40
 625.000000 -1.71189 2.01205 -6.99219 1.32446 0.468302 0.0908359 276.323 40
 626.000000 0.891846 -0.896178 -13.0709 -2.20765 0.465683 0.090845 276.602 40
 627.000000 1.0251 -0.471997 -26.6904 -1.30386 0.463664 0.09085 276.988 40
 628.000000 0.601494 -0.34224 12.2165 -11.3069 0.459731 0.090853 276.996 40
 629.000000 0.837322 0.0671742 -19.2872 -2.8522 0.456819 0.0908604 277.216 40
 630.000000 0.832397 -0.289387 -25.5289 -2.81945 0.453928 0.0908703 277.438 40
 631.000000 0.188486 -0.387084 -5.54852 -25.7564 0.449978 0.0908703 277.438 40
 632.000000 1.29653 -0.808888 -43.457 -5.42687 0.446408 0.0908813 277.52 40
 633.000000 0.287441 -0.283379 -4.56329 -22.8434 0.442471 0.0908813 277.52 40
 634.000000 -1.15736 1.75193 3.97855 3.03035 0.449619 0.0908575 278.465 40
 635.000000 -1.10188 0.155818 -31.74 1.99879 0.452993 0.0911307 279.431 40
 636.000000 -0.657119 1.69175 -7.46866 -12.5123 0.449096 0.0911309 279.436 40
 637.000000 -0.29474 -0.557367 -4.80774 -25.9121 0.445183 0.0911309 279.436 40
 638.000000 -0.109747 -0.633081 -7.12906 -28.6532 0.441277 0.0911309 279.436 40
 639.000000 -0.0496748 -0.752119 10.782 -29.054 0.437376 0.0911309 279.436 40
 640.000000 -0.0120699 -0.494874 9.3671 -28.8973 0.433482 0.0911309 279.436 40
 641.000000 -0.180916 -0.626786 -4.66656 -27.6005 0.429594 0.0911309 279.436 40
 642.000000 0.120686 -0.529086 12.8564 -26.956 0.425711 0.0911309 279.436 40
 643.000000 -0.319028 -0.388707 -4.84198 -24.9079 0.421835 0.0911309 279.436 40
 644.000000 -1.47714 0.994778 -36.6615 3.97018 0.433979 0.0915182 279.808 40
 645.000000 -0.477445 1.56383 -9.2587 -18.8477 0.430116 0.0915183 279.808 40
 646.000000 2.99578 2.95319 -7.6973 -13.8931 0.42627 0.0915158 279.811 40
 647.000000 -2.28266 2.17795 2.38882 2.45467 0.431097 0.0914434 280.81 40
 648.000000 -0.915639 2.60498 6.01807 -3.08377 0.428191 0.0914737 281.01 40
 649.000000 -1.16825 0.288769 -39.9558 3.28054 0.436381 0.0914464 281.884 40
 650.000000 -2.68879 2.47935 -34.9489 3.02954 0.443376 0.0913893 282.834 40
 651.000000 -2.29617 2.72643 -13.8501 2.6133 0.448676 0.0913132 283.832 40
 652.000000 -2.11524 2.85303 8.69577 1.74947 0.451289 0.0912632 284.761 40
 653.000000 -2.31006 2.79209 -4.38876 2.77466 0.457149 0.0911858 285.75 40
 654.000000 -2.75614 2.44234 -48.8909 2.4452 0.461787 0.0911555 286.749 40
 655.000000 -2.84888 2.8517 -19.8857 0.950058 0.462609 0.0912152 287.53 40
 656.000000 -2.0189 2.56268 -35.0336 1.55997 0.464706 0.0912677 288.427 40
 657.000000 -2.95426 2.23078 -32.052 -1.50211 0.462637 0.0913599 288.786 40
 658.000000 -2.38255 2.97063 -22.2918 3.07402 0.469625 0.0913935 289.725 40
 659.000000 -2.28803 3.12128 -13.4431 2.75694 0.475295 0.09132 290.715 40
 660.000000 -2.75556 2.31669 -14.888 2.52821 0.48011 0.0912983 291.715 40
 661.000000 -1.61288 2.37991 -19.417 2.58977 0.485116 0.0915068 292.714 40
 662.000000 -1.34042 1.32346 -37.9689 3.90998 0.49618 0.0915263 293.168 40
 663.000000 -0.939373 -0.143082 -15.9812 -2.33977 0.493627 0.0916014 293.431 40
 664.000000 -0.949968 2.65847 -23.233 -1.93439 0.491292 0.0916837 293.737 40
 665.000000 -0.49594 -0.110238 -8.11642 -18.0833 0.487546 0.094033 293.737 39
 666.000000 -0.140518 -0.811589 8.38904 -27.9656 0.483804 0.094033 293.737 39
 667.000000 -2.60517 2.57389 -14.2629 3.28575 0.49154 0.0941622 294.614 39
 668.000000 -1.71293 2.72314 -26.9963 1.23091 0.492826 0.094127 295.448 39
 669.000000 -2.45363 2.84874 -36.3509 3.19633 0.500098 0.094106 296.356 39
 670.000000 -2.9992 2.4816 -15.736 -2.84048 0.497353 0.0940996 296.574 39
 671.000000 -2.67405 2.7651 -39.328 3.1778 0.504503 0.0940699 297.489 39
 672.000000 -3.00347 2.79598 -7.43637 -2.90525 0.501739 0.0940617 297.701 39
 673.000000 -2.79653 2.96837 -26.2823 1.96439 0.504689 0.0944239 298.659 39
 674.000000 -2.56778 2.77022 -34.3703 3.43243 0.512931 0.0944267 299.474 39
 675.000000 -2.60955 2.6925 -8.37952 3.46045 0.521256 0.0946456 300.278 39
 676.000000 -2.65518 2.56072 -20.1902 3.43443 0.529404 0.0946614 301.097 39
 677.000000 -2.24823 2.46532 -12.1495 2.31826 0.533259 0.094636 302.089 39
 678.000000 -2.15301 2.46049 -0.62323 1.7897 0.535664 0.094603 303.02 39
 679.000000 2.96144 3.09701 3.79108 -16.0026 0.531998 0.0946017 303.021 39
 680.000000 -2.65493 2.36956 -28.9973 3.49391 0.54033 0.0946149 303.812 39
 681.000000 -1.72602 2.57556 -22.1288 1.0814 0.541216 0.0945932 304.613 39
 682.000000 -2.32595 2.53464 -13.2797 2.92334 0.547048 0.0945223 305.587 39
 683.000000 -3.11114 2.91794 -7.6506 -6.39948 0.543624 0.0945323 305.642 39
 684.000000 -2.86095 2.82911 -37.8824 0.75053 0.543939 0.0945196 306.377 39
 685.000000 -1.22553 0.467461 -32.5732 3.57713 0.552555 0.0944581 307.121 39
 686.000000 -0.81787 1.3871 -11.0926 -6.59658 0.549128 0.094465 307.172 39
 687.000000 -1.11011 0.797162 -26.4861 2.0681 0.552167 0.0947578 308.14 39
 688.000000 -1.04266 1.24298 -13.1556 0.502854 0.552096 0.0947096 308.825 39
 689.000000 -0.98892 1.16395 -28.8324 -0.807506 0.550576 0.0946432 309.277 39
 690.000000 -1.72669 1.09836 -30.4878 1.12975 0.55152 0.0946292 310.087 39
 691.000000 -1.43031 0.934331 -17.5892 3.86865 0.561522 0.0946862 310.609 39
 692.000000 -1.27898 0.806014 4.00314 3.72575 0.570704 0.0947589 311.259 39
 693.000000 -1.76899 1.06845 -6.63034 0.860965 0.571148 0.0947764 312.013 39
 694.000000 -1.42258 1.24772 -40.7487 3.93537 0.581365 0.0948071 312.485 39
 695.000000 -1.37329 0.872981 -35.0484 3.96222 0.591659 0.0947801 312.94 39
 696.000000 -1.39796 1.00673 -22.1412 4.0604 0.602434 0.0947585 313.3 39
 697.000000 -1.54053 0.966776 -5.86627 3.28941 0.609345 0.0947513 314.199 39
 698.000000 -1.42261 0.918855 -25.2567 4.11144 0.620281 0.0947819 314.516 39
 699.000000 -1.6963 1.1734 -26.0308 1.491 0.621769 0.0947708 315.385 39
 700.000000 -0.961931 1.26876 -4.3775 -1.54087 0.619705 0.0948736 315.727 39
 701.000000 -1.37041 1.29532 -36.7936 4.10843 0.630518 0.0948429 316.059 39
 702.000000 -1.60574 1.48329 -18.4596 2.56756 0.63468 0.0950476 317.058 39
 703.000000 -1.41349 0.812086 -21.6891 4.21385 0.64599 0.0950504 317.272 39
 704.000000 2.77344 3.10448 17.5503 -26.7789 0.64245 0.0950504 317.272 39
 705.000000 -1.70946 0.42005 -32.0388 1.46091 0.643821 0.0950402 318.131 39
 706.000000 -2.45705 -3.06285 -22.0628 3.09404 0.649709 0.0949996 319.09 39
 707.000000 -2.179 1.62682 -5.19934 1.77578 0.651718 0.0949976 320.005 39
 708.000000 -1.24132 0.826417 -7.90674 3.65756 0.659926 0.0949596 320.75 39
 709.000000 -1.77173 0.544786 -3.64417 0.93865 0.660341 0.0949915 321.506 39
 710.000000 -2.8584 2.69572 -39.5188 0.679319 0.660368 0.0949856 322.21 39
 711.000000 -1.57457 1.37951 -21.9515 2.9716 0.665708 0.0949516 323.189 39
 712.000000 -1.08405 1.21772 -35.8333 1.43594 0.666973 0.0950274 324.043 39
 713.000000 -0.554018 1.65469 -10.1669 -16.267 0.663481 0.0950277 324.044 39
 714.000000 -0.335092 -0.463407 -6.53632 -24.3954 0.659991 0.0950277 324.044 39
 715.000000 0.896588 -0.751801 -17.5679 -2.48331 0.657494 0.0950357 324.285 39
 716.000000 1.02885 -1.04005 -37.2592 -1.78645 0.65532 0.0950376 324.595 39
 717.000000 -0.397099 -0.864283 -13.4969 -21.6591 0.651844 0.0950377 324.596 39
 718.000000 -1.23214 1.39979 -25.0169 3.65834 0.659941 0.0949858 325.34 39
 719.000000 -1.80276 1.2251 -4.9032 0.851735 0.660218 0.0949866 326.078 39
 720.000000 -1.46656 0.661256 -21.7298 4.02407 0.670065 0.0952018 326.532 39
 721.000000 -0.834917 0.632417 -45.1114 -5.98302 0.666848 0.0952158 326.593 39
 722.000000 -1.19042 0.400093 -35.0747 3.39236 0.673678 0.0951661 327.473 39
 723.000000 -1.35385 0.594123 -47.9079 4.12129 0.683936 0.0951573 327.836 39
 724.000000 -1.22775 0.893583 -25.7953 3.73465 0.692171 0.0951 328.55 39
 725.000000 -2.86889 3.06655 -20.0475 0.452971 0.691856 0.0950788 329.203 39
 726.000000 -2.41493 2.36295 -36.9524 2.93885 0.696866 0.0951989 330.19 39
 727.000000 -1.86518 2.57073 -37.9117 0.885117 0.697135 0.0952535 330.929 39
 728.000000 -0.993073 0.990519 -26.5618 -0.75347 0.695626 0.0952019 331.373 39
 729.000000 -0.142959 -0.765869 12.9855 -28.2361 0.692206 0.0952019 331.373 39
 730.000000 1.27935 -1.40091 -14.0323 -5.42609 0.689086 0.0952161 331.449 39
 731.000000 -1.51955 2.66731 -11.1472 3.60676 0.696643 0.0952825 332.24 39
 732.000000 -1.43528 2.07989 -21.8412 4.24061 0.707307 0.0953522 332.478 39
 733.000000 -0.906569 -0.0641801 -25.9845 -3.14982 0.704631 0.0953288 332.662 39
 734.000000 0.0628029 0.461157 2.63654 -28.4023 0.701235 0.0953288 332.662 39
 735.000000 1.259 -0.158885 -8.56702 -4.76766 0.698222 0.0953541 332.761 39
 736.000000 0.474727 -0.227705 10.9458 -17.1896 0.694838 0.0953542 332.761 39
 737.000000 0.56895 -0.58782 -8.9718 -13.4414 0.691468 0.095354 332.764 39
 738.000000 0.941663 -0.638468 -16.1942 -2.12489 0.689183 0.0953805 333.034 39
 739.000000 0.914098 -0.818558 -33.5207 -2.23766 0.686854 0.0953922 333.294 39
 740.000000 -0.956554 -0.430131 -14.9191 -1.6056 0.684829 0.0954516 333.62 39
 741.000000 2.89418 2.8136 -21.3595 -19.8344 0.681466 0.0954518 333.621 39
 742.000000 -2.40421 3.01631 -37.4004 2.96248 0.686482 0.0955348 334.606 39
 743.000000 -0.806812 2.0575 14.4788 -6.87128 0.683289 0.0955333 334.649 39
 744.000000 -1.16023 0.494975 -8.53467 3.05709 0.688607 0.0955322 335.622 39
 745.000000 0.359769 0.295991 -9.80453 -20.9011 0.685262 0.0955322 335.623 39
 746.000000 1.09394 -0.294355 -20.3305 -2.0488 0.683038 0.0955685 335.9 39
 747.000000 0.855428 0.0926093 -32.2281 -2.82836 0.680518 0.0955729 336.108 39
 748.000000 0.531764 0.303529 -23.9762 -14.9387 0.677192 0.0955724 336.11 39
 749.000000 0.260316 -0.253329 -5.20471 -23.961 0.673864 0.0955724 336.11 39
 750.000000 1.66606 -1.41074 5.20523 -23.7281 0.67054 0.0955724 336.11 39
 751.000000 1.7509 -1.33866 11.7906 -27.5755 0.667221 0.0955724 336.11 39
 752.000000 0.901259 -0.70917 -39.8727 -2.22724 0.664946 0.0955801 336.37 39
 753.000000 0.543223 -0.132997 -9.82263 -14.409 0.661643 0.0955798 336.372 39
 754.000000 1.05908 -0.518721 -40.4232 -1.78834 0.659576 0.0955871 336.678 39
 755.000000 1.29942 -0.740213 -21.7901 -5.89475 0.656513 0.0955855 336.742 39
 756.000000 1.29913 -1.08648 -11.3015 -5.79928 0.653464 0.0955842 336.808 39
 757.000000 0.829481 -0.893509 -38.04 -3.10444 0.650901 0.0956505 336.995 39
 758.000000 0.18628 -1.02392 1.61542 -25.8334 0.647613 0.0956505 336.995 39
 759.000000 0.274163 -1.32053 -0.621277 -23.3672 0.644329 0.0956505 336.995 39
 760.000000 1.26361 -0.696354 -22.1827 -4.70707 0.641433 0.0956644 337.096 39
 761.000000 1.5276 -0.705708 -12.081 -15.9441 0.638161 0.0956651 337.097 39
 762.000000 1.01412 -1.28564 -31.6281 -1.64815 0.636199 0.0956689 337.419 39
 763.000000 -1.29231 0.666257 -40.2802 3.92329 0.645113 0.0957929 338 39
 764.000000 -0.972595 0.379231 -32.0527 -1.14769 0.643441 0.0958851 338.385 39
 765.000000 -0.454025 0.15546 5.38223 -19.6095 0.640184 0.095885 338.385 39
 766.000000 0.523924 -0.666343 13.4522 -15.0439 0.636935 0.0958848 338.386 39
 767.000000 1.0526 -0.98359 -13.4044 -1.63992 0.63499 0.0958904 338.709 39
 768.000000 -0.0616492 -0.294132 -6.81219 -28.9713 0.631745 0.0958904 338.709 39
 769.000000 0.858646 -0.631507 -40.8176 -2.57697 0.629399 0.0958972 338.937 39
 770.000000 0.671671 -0.167694 -20.0935 -8.28833 0.626253 0.0958937 338.962 39
 771.000000 0.197681 -0.0491482 5.61768 -25.2461 0.62302 0.0958937 338.962 39
 772.000000 1.51288 -0.855292 -21.5368 -15.0587 0.619797 0.0958945 338.964 39
 773.000000 1.44382 -0.630523 -8.4064 -11.3854 0.616598 0.0958939 338.971 39
 774.000000 0.96692 -0.781774 -17.5511 -1.64031 0.614681 0.0959133 339.293 39
 775.000000 0.940581 -0.250242 -12.2838 -1.68743 0.612743 0.0959437 339.611 39
 776.000000 0.573184 -0.0391732 -13.0135 -12.9869 0.609545 0.0959439 339.615 39
 777.000000 1.03561 -0.902788 -27.3403 -1.42989 0.607754 0.0959472 339.963 39
 778.000000 1.13468 -0.897446 -8.32574 -2.1564 0.605608 0.0959575 340.231 39
 779.000000 0.87802 -0.423511 -21.6514 -2.12443 0.603479 0.0959642 340.501 39
 780.000000 0.679755 -0.518416 -30.1784 -7.84672 0.600392 0.0959684 340.531 39
 781.000000 0.889355 -0.565908 -47.0002 -1.92344 0.598361 0.0959767 340.822 39
 782.000000 1.26891 -0.693341 -39.1207 -4.75847 0.595545 0.0959854 340.921 39
 783.000000 0.664186 -0.62372 -13.8522 -8.48612 0.592445 0.0959819 340.944 39
 784.000000 1.10183 -0.801983 -17.4508 -1.7201 0.590524 0.096016 341.258 39
 785.000000 -0.294226 -0.626633 13.317 -25.299 0.587349 0.096016 341.258 39
 786.000000 1.14524 -0.614245 4.28534 -2.12382 0.585248 0.0960199 341.53 39
 787.000000 0.553132 -0.344516 -5.84894 -13.3134 0.582092 0.0960198 341.533 39
 788.000000 1.54935 -1.18758 -8.58774 -16.5978 0.578932 0.0960196 341.534 39
 789.000000 0.639628 -0.5494 -24.2821 -9.50606 0.575828 0.0960139 341.549 39
 790.000000 0.823439 -0.549634 -26.9324 -2.84221 0.573475 0.096066 341.756 39
 791.000000 1.09938 -0.612872 -19.1605 -1.56848 0.571659 0.0961007 342.089 39
 792.000000 0.995368 -0.491503 -34.4059 -1.25726 0.570024 0.0961106 342.46 39
 793.000000 1.18129 -0.470703 -39.2921 -2.52647 0.567789 0.0961057 342.694 39
 794.000000 1.27178 -0.78947 -22.657 -4.61006 0.565044 0.0961125 342.799 39
 795.000000 1.28563 -0.992607 -18.188 -4.92698 0.562255 0.0961122 342.893 39
 796.000000 1.10405 -0.763029 4.66547 -1.45873 0.560517 0.0961421 343.239 39
 797.000000 0.603253 -0.19727 17.0613 -11.0465 0.557419 0.096144 343.247 39
 798.000000 1.02919 -0.746982 -9.69144 -1.11301 0.555895 0.0961498 343.639 39
 799.000000 0.961645 -1.31848 -29.8206 -1.23628 0.554296 0.0961758 344.014 39
 800.000000 0.485735 -0.971395 -10.0625 -15.3887 0.551186 0.096176 344.015 39
 801.000000 0.0887519 0.606014 1.25266 -27.6367 0.548074 0.096176 344.015 39
 802.000000 -0.916904 2.59234 -15.8267 -2.57382 0.545855 0.0961572 344.245 39
 803.000000 -2.31782 2.3173 -20.5682 2.71664 0.550156 0.0960936 345.245 39
 804.000000 -2.36024 2.61744 -35.5435 2.94211 0.555136 0.0960679 346.231 39
 805.000000 -1.00601 1.42945 -21.7049 -0.319852 0.554221 0.0960242 346.744 39
 806.000000 -1.70434 0.972113 -36.9027 1.44009 0.555538 0.0960175 347.595 39
 807.000000 -2.92234 3.0113 -30.2284 -0.86154 0.5542 0.0959808 348.023 39
 808.000000 -1.55716 2.20945 -1.45636 3.17119 0.559914 0.0959498 348.971 39
 809.000000 -1.56677 1.21525 -22.0349 3.1193 0.56542 0.0959199 349.93 39
 810.000000 -1.75487 2.2164 -12.888 1.05743 0.566091 0.0959781 350.705 39
 811.000000 -1.60299 2.16734 -21.7201 2.73927 0.570357 0.0962068 351.704 39
 812.000000 -0.784971 1.25501 -25.132 -7.6713 0.567399 0.0962006 351.736 39
 813.000000 -1.82697 -3.08395 -20.6885 0.816211 0.567721 0.0961927 352.463 39
 814.000000 -2.43 2.06173 -10.6496 3.01992 0.572835 0.0962367 353.439 39
 815.000000 -2.41308 2.98809 -20.8347 3.07763 0.578117 0.0963553 354.406 39
 816.000000 -2.29431 2.65345 -25.5748 2.68475 0.582165 0.0962905 355.405 39
 817.000000 -1.91405 3.04823 -34.141 0.928164 0.582618 0.0962906 356.155 39
 818.000000 -0.986532 2.39019 -25.7119 -0.736131 0.581368 0.0964098 356.602 39
 819.000000 -1.29274 1.49081 -29.2068 3.87361 0.589697 0.0965235 357.21 39
 820.000000 -1.38327 1.58859 -18.3378 4.17464 0.599428 0.0964841 357.525 39
 821.000000 -1.53873 1.1548 -42.9732 3.45672 0.605926 0.0964927 358.39 39
 822.000000 -1.73476 1.11961 -13.8048 1.2821 0.606869 0.0964989 359.207 39
 823.000000 -1.35009 1.51004 -19.4139 4.12276 0.616218 0.0965011 359.595 39
 824.000000 -1.46802 1.15767 -51.5159 4.07498 0.625276 0.0966958 360.046 39
 825.000000 -1.64721 1.26477 -15.7496 2.25042 0.628048 0.0967426 361.019 39
 826.000000 -1.65979 0.817295 -23.2396 2.16702 0.63062 0.0967638 361.983 39
 827.000000 -1.43512 0.96692 -34.9454 4.27323 0.640564 0.0968138 362.21 39
 828.000000 -1.44231 0.77497 -54.2943 4.29914 0.650579 0.0968921 362.417 39
 829.000000 -1.59832 0.690568 -17.4117 2.90129 0.654979 0.0971306 363.411 39
 830.000000 -1.56444 0.866775 -24.0099 3.33498 0.66076 0.0971139 364.333 39
 831.000000 -1.08338 0.70504 -20.5399 1.33271 0.661687 0.0971813 365.151 39
 832.000000 -1.22197 0.977088 -3.09695 3.62559 0.668509 0.0971162 365.959 39
 833.000000 -1.45102 1.29313 -8.20947 4.29553 0.678301 0.0972286 366.194 39
 834.000000 -1.33461 1.11642 -44.9642 4.13722 0.687252 0.0972674 366.628 39
 835.000000 -1.47185 0.963447 7.164 4.24202 0.696658 0.0974864 366.955 39
 836.000000 -1.02762 0.618794 -23.9398 0.109691 0.696033 0.0974619 367.528 39
 837.000000 -1.51124 0.799309 -24.6655 3.96993 0.704103 0.0975858 368.134 39
 838.000000 -1.01857 0.521119 -12.3044 -0.0277009 0.703347 0.0975617 368.682 39
 839.000000 0.199079 -0.128572 -9.55173 -25.3995 0.700376 0.0975617 368.682 39
 840.000000 -0.883318 0.284217 -23.9788 -3.58224 0.697941 0.0975299 368.833 39
 841.000000 -1.81428 1.03388 -38.4875 0.75955 0.698015 0.0975211 369.53 39
 842.000000 0.938603 -0.384906 -29.0197 -1.57473 0.696245 0.0975507 369.851 39
 843.000000 0.765143 -0.820737 -1.8457 -4.55163 0.693649 0.0975391 369.956 39
 844.000000 1.3391 -0.75828 -11.148 -6.86985 0.690838 0.0975327 369.997 39
 845.000000 1.24603 -0.59646 -7.08047 -4.0451 0.68833 0.0975507 370.124 39
 846.000000 1.23849 -0.810636 -17.4544 -3.78467 0.685874 0.097572 370.264 39
 847.000000 0.979086 -1.07304 -18.3805 -1.303 0.684257 0.0975862 370.619 39
 848.000000 1.17986 -0.93998 -25.4602 -2.55159 0.682121 0.097583 370.844 39
 849.000000 1.14679 -0.995619 -41.5936 -1.99591 0.680189 0.097585 371.12 39
 850.000000 1.33637 -0.75554 -10.1696 -6.42465 0.677426 0.0975773 371.17 39
 851.000000 1.17236 -1.02475 -46.5073 -2.28331 0.675391 0.0975747 371.418 39
 852.000000 1.30751 -0.687667 -13.7356 -5.34754 0.672727 0.0975685 371.494 39
 853.000000 1.17989 -0.196536 -13.6845 -2.32628 0.670683 0.0975657 371.739 39
 854.000000 -1.56315 1.49593 -36.515 3.45374 0.676662 0.0975456 372.632 39
 855.000000 -1.31625 1.07246 -32.3009 4.06095 0.68505 0.109069 373.158 40
 856.000000 -0.825374 1.62754 -18.9142 -6.14031 0.682327 0.109074 373.214 40
 857.000000 -2.1508 2.42762 -35.8948 0.934889 0.682637 0.109036 373.945 40
 858.000000 2.67439 2.91155 10.097 -32.2194 0.679731 0.109036 373.945 40
 859.000000 -2.69275 2.79775 -34.5492 2.37294 0.682548 0.108967 374.925 40
 860.000000 -1.51598 2.22702 -31.894 3.71794 0.689424 0.108999 375.704 40
 861.000000 -0.603448 1.4861 -14.1604 -15.4235 0.686533 0.108998 375.706 40
 862.000000 -2.67334 2.9026 -43.0452 2.51894 0.689666 0.108939 376.697 40
 863.000000 -1.9858 2.14568 -29.1064 0.478146 0.689431 0.108918 377.338 40
 864.000000 -2.46181 -3.13021 -6.17111 2.65237 0.69288 0.108871 378.337 40
 865.000000 -1.79586 1.55421 -33.1174 0.576209 0.692748 0.108856 378.997 40
 866.000000 -0.0337385 0.199639 16.467 -29.5102 0.689869 0.108856 378.997 40
 867.000000 -1.00529 1.13176 -25.1627 -0.547711 0.688745 0.108826 379.458 40
 868.000000 -1.16634 1.33123 -9.07391 2.72706 0.692371 0.108799 380.458 40
 869.000000 -1.37622 0.822513 -13.5987 4.12378 0.700837 0.108939 380.927 40
 870.000000 -1.34404 0.771694 -37.0958 4.00339 0.708724 0.0975388 381.515 39
 871.000000 -1.78482 0.904972 -25.4912 0.914173 0.708969 0.0975466 382.24 39
 872.000000 -1.35585 1.00334 -12.2517 4.4007 0.718645 0.0975238 382.394 39
 873.000000 -1.37135 1.07389 -34.192 4.5232 0.728888 0.0974785 382.382 39
 874.000000 -1.51757 1.17046 -11.1036 3.96206 0.736447 0.0975499 383.027 39
 875.000000 -2.00752 1.37709 -17.0652 0.71596 0.736423 0.0975533 383.706 39
 876.000000 0.345835 -1.29079 1.47153 -21.34 0.733578 0.0975534 383.706 39
 877.000000 1.2833 -0.46183 -17.3982 -4.63812 0.731065 0.0975525 383.805 39
 878.000000 1.19466 -0.383605 -16.749 -2.60661 0.728971 0.097551 384.021 39
 879.000000 -1.14483 0.0794978 -25.4562 2.63623 0.732224 0.0975516 385.017 39
 880.000000 -1.40915 1.12272 -16.8472 4.62789 0.742867 0.0975289 384.855 39
 881.000000 -1.92551 1.65877 -22.9145 0.784635 0.742915 0.0975227 385.546 39
 882.000000 -2.15191 3.06454 -41.6382 1.14991 0.743416 0.0975013 386.31 39
 883.000000 -1.1382 0.408957 -43.312 2.56471 0.746449 0.0975166 387.302 39
 884.000000 -1.66192 0.808889 -0.519135 2.1192 0.748516 0.097527 388.244 39
 885.000000 -1.23333 0.529759 -24.5177 3.74535 0.755053 0.0974815 389.036 39
 886.000000 -1.40075 1.12276 -28.6443 4.64701 0.765605 0.0974436 388.864 39
 887.000000 -1.10807 1.20835 -16.41 2.03252 0.767463 0.0976122 389.79 39
 888.000000 3.13829 3.08593 -14.5482 -8.44358 0.764726 0.0976101 389.812 39
 889.000000 -0.258667 1.07434 45.0086 -26.6567 0.761922 0.0951699 389.812 40
 890.000000 -2.63952 -3.03626 -16.7155 2.84836 0.765581 0.0951921 390.812 40
 891.000000 -0.297372 1.39453 8.47485 -25.4126 0.762783 0.0951921 390.812 40
 892.000000 -1.43223 1.42769 -6.45108 4.68782 0.773442 0.095237 390.59 40
 893.000000 -0.456186 -0.43734 -7.10135 -19.7851 0.770651 0.0952369 390.59 40
 894.000000 -1.28752 2.04647 -32.8167 4.1212 0.77853 0.0953438 391.141 40
 895.000000 -2.72499 -2.65951 0.817139 2.39194 0.78106 0.0953089 392.113 40
 896.000000 -1.5761 0.853804 -37.8488 3.32743 0.785993 0.095281 393.068 40
 897.000000 -0.413419 -0.637155 10.4383 -21.112 0.783214 0.0952811 393.068 40
 898.000000 -0.568974 2.64263 3.95465 -16.2436 0.780441 0.0952813 393.069 40
 899.000000 1.50007 -0.495409 33.0478 -14.4054 0.777674 0.095282 393.071 40
 900.000000 -0.426368 0.0581055 -5.08115 -20.4408 0.774905 0.0952821 393.071 40
 901.000000 -1.28128 1.37356 -33.735 4.12832 0.782735 0.0953596 393.622 40
 902.000000 0.153164 -0.679392 -9.72116 -26.4844 0.779971 0.0953596 393.622 40
 903.000000 1.28452 -1.06253 -18.6148 -4.58586 0.777532 0.0953585 393.721 40
 904.000000 1.08274 -0.494441 -29.419 -1.46906 0.775895 0.0953767 394.044 40
 905.000000 0.114361 -0.409785 5.3428 -27.1919 0.77314 0.0953767 394.044 40
 906.000000 -1.31655 1.18093 -36.6707 4.38586 0.782079 0.0954847 394.328 40
 907.000000 -2.28664 2.66761 -46.0263 2.28241 0.784344 0.0954416 395.285 40
 908.000000 -2.94078 -2.89422 -24.5034 -1.76719 0.782586 0.0955039 395.573 40
 909.000000 -2.72183 2.74622 -14.6232 2.43984 0.78517 0.0954685 396.549 40
 910.000000 -1.27754 2.00874 -18.4087 4.19693 0.793171 0.0955385 397.049 40
 911.000000 -1.15201 1.33175 -9.88654 2.98418 0.797016 0.0955332 398.047 40
 912.000000 -0.914729 -0.323732 -5.83942 -2.59689 0.794984 0.0955135 398.258 40
 913.000000 0.12931 -0.986372 -4.88959 -26.799 0.792253 0.0955135 398.258 40
 914.000000 -0.254573 -0.607056 -24.1694 -26.3125 0.789526 0.0955135 398.258 40
 915.000000 0.114761 -0.846307 24.002 -26.9391 0.786801 0.0955135 398.258 40
 916.000000 1.30268 -0.890214 -11.027 -5.05931 0.784341 0.0955091 398.34 40
 917.000000 1.06425 -0.773379 -35.5704 -1.3675 0.78277 0.0955194 398.673 40
 918.000000 1.25507 -1.16671 -13.3353 -3.77625 0.780491 0.0955292 398.808 40
 919.000000 1.0881 -0.917013 -17.2811 -1.40018 0.77891 0.095564 399.137 40
 920.000000 0.24926 -0.74812 -15.269 -24.1918 0.776201 0.095564 399.137 40
 921.000000 -0.779388 1.46348 -4.2522 -7.9417 0.773576 0.0955587 399.163 40
 922.000000 -1.10167 1.17343 -28.2994 1.99778 0.775288 0.0956804 400.077 40
 923.000000 -1.55528 1.57509 -20.5349 3.57996 0.780892 0.0956608 400.966 40
 924.000000 -2.2348 2.04271 -36.6151 1.74982 0.782172 0.0982977 401.836 41
 925.000000 -2.59639 2.58865 -32.1207 2.7924 0.785507 0.098341 402.836 41
 926.000000 -2.42351 -2.99749 -9.25287 2.69891 0.788608 0.0983891 403.832 41
 927.000000 -1.06302 1.40108 -15.4108 1.08799 0.788951 0.0983853 404.572 41
 928.000000 -0.0685907 0.0119611 7.09888 -29.305 0.786265 0.0983853 404.572 41
 929.000000 1.2921 -0.632552 -24.9714 -4.70832 0.783878 0.0983819 404.666 41
 930.000000 0.650874 -0.449783 -31.6388 -9.39288 0.781243 0.0983798 404.681 41
 931.000000 -1.48341 0.346239 -29.0064 4.27721 0.789423 0.0986072 405.102 41
 932.000000 -1.58082 1.47452 -13.6794 3.25051 0.793916 0.0985763 406.074 41
 933.000000 0.0791406 1.66003 14.3496 -27.5689 0.791244 0.0985763 406.074 41
 934.000000 0.325019 -1.13748 -16.0513 -22.1537 0.788575 0.0985763 406.075 41
 935.000000 0.821825 -1.50263 -16.08 -3.32958 0.786421 0.0985998 406.234 41
 936.000000 0.776401 -1.37718 -10.5432 -4.3929 0.784092 0.0985943 406.34 41
 937.000000 0.624144 -0.991562 0.54538 -10.4607 0.78146 0.0985911 406.349 41
 938.000000 1.1376 -0.818322 -21.6877 -1.82109 0.779739 0.0985936 406.631 41
 939.000000 1.36489 -0.511379 11.6917 -7.08425 0.777198 0.096362 406.668 42
 940.000000 1.09897 -0.67309 -34.0833 -1.41059 0.775649 0.0963822 406.995 42
 941.000000 1.12474 -0.948793 -25.5497 -1.51923 0.774056 0.0963879 407.31 42
 942.000000 0.966202 -0.823833 -10.3557 -1.4917 0.772477 0.0963989 407.628 42
 943.000000 1.3502 -0.831999 -13.844 -6.42539 0.769981 0.0964194 407.676 42
 944.000000 -0.218507 -0.303602 10.9287 -27.2857 0.76734 0.0964194 407.676 42
 945.000000 -0.0674941 -0.496625 -1.22086 -29.1166 0.764702 0.0964194 407.676 42
 946.000000 -0.33615 -0.432742 16.4908 -23.506 0.762066 0.0964194 407.676 42
 947.000000 0.476559 -1.19499 -7.53052 -16.1101 0.759437 0.0964195 407.677 42
 948.000000 1.1189 -0.611409 -37.7994 -1.40746 0.757911 0.0964271 408.005 42
 949.000000 0.640744 -0.765679 -13.6321 -9.59983 0.755325 0.0964252 408.018 42
 950.000000 -1.54579 0.567091 -9.51044 3.78749 0.76154 0.0963994 408.819 42
 951.000000 -0.724231 0.130298 1.46271 -10.3109 0.758949 0.0964028 408.829 42
 952.000000 -1.34367 1.11875 -51.7359 4.53737 0.76822 0.0963859 408.932 42
 953.000000 -1.52437 1.03113 -55.8708 4.04453 0.775319 0.0963996 409.58 42
 954.000000 -1.07077 0.84512 -35.3667 1.31047 0.775944 0.0964069 410.361 42
 955.000000 -1.19453 0.458458 -35.9237 3.59116 0.781395 0.0963401 411.255 42
 956.000000 -2.02414 2.4468 -11.5746 0.616245 0.781228 0.0963521 411.897 42
 957.000000 -2.12425 2.1833 -17.0233 0.960871 0.781422 0.0963487 412.608 42
 958.000000 -2.42988 2.74709 -27.0269 2.74238 0.784528 0.0963834 413.605 42
 959.000000 -2.75553 3.11767 -38.1328 1.95573 0.786085 0.0963676 414.509 42
 960.000000 -2.63765 2.66464 -29.135 2.82024 0.789354 0.0963755 415.508 42
 961.000000 -2.56531 2.66061 -25.5073 2.87821 0.79275 0.0963595 416.508 42
 962.000000 -1.97032 2.36723 -12.0472 0.680785 0.792636 0.0963443 417.165 42
 963.000000 -1.97009 2.8252 -23.6566 0.736256 0.792578 0.0963286 417.832 42
 964.000000 -2.71163 3.02466 -5.81656 2.55476 0.795231 0.0962818 418.817 42
 965.000000 -1.25844 2.07597 -33.7747 4.07701 0.802263 0.0962671 419.439 42
 966.000000 -1.58529 0.113117 -16.7391 3.30839 0.806725 0.0962525 420.405 42
 967.000000 0.507297 -0.210377 -19.0644 -14.8602 0.804151 0.0962529 420.407 42
 968.000000 -2.89827 2.63829 -30.5192 -0.808085 0.802926 0.0962288 420.81 42
 969.000000 -1.73534 2.45542 -15.9095 1.10906 0.803261 0.0962894 421.551 42
 970.000000 -1.47211 1.91881 -18.9281 4.45217 0.811771 0.0965637 421.791 42
 971.000000 -2.9266 3.0295 -45.6962 -1.45459 0.810239 0.0966381 422.11 42
 972.000000 -0.108702 1.34382 0.941711 -28.8283 0.807674 0.0966381 422.11 42
 973.000000 0.840678 -0.174017 -32.5231 -2.91883 0.805687 0.0966741 422.295 42
 974.000000 0.0566138 0.470551 5.53925 -27.937 0.803128 0.0966741 422.295 42
 975.000000 -2.86501 1.99996 -13.4759 -0.00665453 0.802419 0.0966692 422.823 42
 976.000000 -1.877 2.72699 5.41504 0.621633 0.802241 0.0966839 423.467 42
 977.000000 -2.59221 2.39756 -53.667 2.89078 0.80558 0.0967167 424.467 42
 978.000000 -2.14296 2.9655 -12.8433 1.0128 0.805801 0.0967269 425.187 42
 979.000000 -2.88063 2.82778 -7.46222 -0.289125 0.804896 0.0967135 425.669 42
 980.000000 -2.68027 2.47563 -25.2222 2.78883 0.807984 0.0966714 426.667 42
 981.000000 -2.61913 2.60261 -26.975 2.96633 0.811476 0.0967234 427.666 42
 982.000000 -1.79648 2.88781 -0.494476 0.689283 0.811355 0.0967143 428.323 42
 983.000000 2.8726 2.38254 11.2769 -21.6207 0.808819 0.0967143 428.323 42
 984.000000 -1.62145 2.20483 -4.62546 2.77812 0.811862 0.0968228 429.322 42
 985.000000 -2.25654 2.76841 -25.2156 1.85516 0.813175 0.0944726 430.207 41
 986.000000 -2.95034 2.72578 -35.6945 -1.87344 0.811508 0.0945038 430.482 41
 987.000000 -2.29242 2.69101 -26.5151 2.33544 0.813633 0.0944631 431.444 41
 988.000000 -2.36441 2.61474 -30.3332 2.73435 0.816557 0.0944534 432.44 41
 989.000000 -3.08038 2.78686 -27.4539 -6.10733 0.814193 0.0944675 432.494 41
 990.000000 -2.46358 2.86033 -34.8006 2.8656 0.817403 0.0944458 433.494 41
 991.000000 -2.17299 2.70998 -16.7098 1.28571 0.817922 0.0944397 434.271 41
 992.000000 -2.51825 2.95646 -29.761 2.99434 0.821419 0.0944007 435.268 41
 993.000000 -2.38164 2.35714 -24.4733 2.83333 0.824529 0.0944181 436.268 41
 994.000000 -2.57089 2.90709 -44.5124 3.07332 0.828195 0.094432 437.262 41
 995.000000 -2.52882 2.89744 -1.91592 3.1058 0.831929 0.0943967 438.253 41
 996.000000 -2.00776 2.74578 -29.9097 0.73332 0.831832 0.0943978 438.92 41
 997.000000 -2.8792 2.77852 -5.09122 -0.217563 0.830973 0.0943902 439.414 41
 998.000000 -2.83635 2.78623 -25.0059 0.674549 0.830822 0.094421 440.07 41
 999.000000 -1.84006 2.24677 -46.3116 0.650668 0.830648 0.094414 440.721 41
 1000.000000 -2.6408 2.39231 -33.699 3.07028 0.834269 0.0944343 441.715 41
