#! FIELDS phi file.free der_phi
#! SET min_phi -pi
#! SET max_phi pi
#! SET nbins_phi  75
#! SET periodic_phi true
   -3.141592654   16.863193789  -51.570410329
   -3.057816849   12.961448565  -41.432092003
   -2.974041045    9.934724535  -30.885757768
   -2.890265241    7.755382815  -21.485977231
   -2.806489437    6.254925175  -14.793856697
   -2.722713633    5.211723928  -10.405607268
   -2.638937829    4.510468872   -6.167250440
   -2.555162025    4.227166260   -0.289815170
   -2.471386221    4.472118530    5.919750625
   -2.387610417    5.156781484    9.624320777
   -2.303834613    5.955423828    8.741438440
   -2.220058809    6.537696654    4.941677567
   -2.136283004    6.786507988    1.365389608
   -2.052507200    6.813157843   -0.314538471
   -1.968731396    6.729104038   -1.935292828
   -1.884955592    6.410437930   -6.227148437
   -1.801179788    5.618724097  -12.916492320
   -1.717403984    4.265176085  -18.923709312
   -1.633628180    2.582319591  -20.304832868
   -1.549852376    1.039008219  -15.494683622
   -1.466076572    0.101743599   -6.377244938
   -1.382300768    0.000000000    3.946692117
   -1.298524963    0.736082868   13.310459796
   -1.214749159    2.180277588   20.825231484
   -1.130973355    4.129943456   25.107831346
   -1.047197551    6.291018092   25.932592014
   -0.963421747    8.461848367   25.911948307
   -0.879645943   10.706735805   28.257265931
   -0.795870139   13.297344043   33.970862461
   -0.712094335   16.407342422   39.928775790
   -0.628318531   19.884905283   42.166100542
   -0.544542727   23.334679456   39.521446329
   -0.460766923   26.470778518   35.332327089
   -0.376991118   29.295361694   32.325514557
   -0.293215314   31.893979008   29.500578868
   -0.209439510   34.162388912   24.061133843
   -0.125663706   35.823159842   15.138504926
   -0.041887902   36.642792353    4.324820360
    0.041887902   36.567875535   -5.828265628
    0.125663706   35.709507531  -14.394702874
    0.209439510   34.197448609  -21.597224042
    0.293215314   32.109248538  -28.097661495
    0.376991118   29.523403223  -33.328209421
    0.460766923   26.616251028  -35.479206394
    0.544542727   23.686367448  -33.833688139
    0.628318531   21.033409716  -29.272292881
    0.712094335   18.777542250  -24.906263488
    0.795870139   16.783351715  -23.167046694
    0.879645943   14.845560541  -23.007868318
    0.963421747   12.994112213  -20.558555389
    1.047197551   11.558893701  -12.724202917
    1.130973355   11.010240282    0.292010487
    1.214749159   11.702700321   16.692392276
    1.298524963   13.852684679   34.809479677
    1.382300768   17.537264676   53.048274925
    1.466076572   22.689834486   69.342514289
    1.549852376   28.999582026   80.081252263
    1.633628180   35.859962829   82.153090177
    1.717403984   42.500193724   74.891736344
    1.801179788   48.211931894   60.671509609
    1.884955592   52.581505300   43.483660566
    1.968731396   55.530707474   27.353464066
    2.052507200   57.263765950   14.590908316
    2.136283004   58.076452029    5.291107196
    2.220058809   58.201048467   -2.068076764
    2.303834613   57.732031430   -9.276712555
    2.387610417   56.588094685  -18.365424742
    2.471386221   54.608401724  -29.214844818
    2.555162025   51.659994356  -41.180734635
    2.638937829   47.746391010  -51.905388732
    2.722713633   43.034002551  -59.980584709
    2.806489437   37.785345081  -64.792576227
    2.890265241   32.272136445  -66.278941838
    2.974041045   26.765257301  -64.692552963
    3.057816849   21.538616739  -59.583014500
