#! FIELDS phi file.free der_phi
#! SET min_phi -pi
#! SET max_phi pi
#! SET nbins_phi  75
#! SET periodic_phi true
   -3.141592654   13.830481885  -46.969869316
   -3.057816849   10.325083510  -36.792822344
   -2.974041045    7.646068668  -27.366430044
   -2.890265241    5.697982759  -19.498721698
   -2.806489437    4.300524120  -14.316084343
   -2.722713633    3.232205998  -11.548035653
   -2.638937829    2.349196788   -9.460774191
   -2.555162025    1.691535055   -5.885047185
   -2.471386221    1.403746668   -0.906871433
   -2.387610417    1.539273555    3.762072856
   -2.303834613    1.964564000    5.943138611
   -2.220058809    2.468992584    5.841998575
   -2.136283004    2.922125103    5.114247667
   -2.052507200    3.333327355    4.922743862
   -1.968731396    3.719383516    3.988901570
   -1.884955592    3.920509844    0.252199307
   -1.801179788    3.691802916   -5.998844746
   -1.717403984    2.920737783  -12.047403134
   -1.633628180    1.781684689  -14.319944565
   -1.549852376    0.676999929  -11.131130720
   -1.466076572    0.016946110   -4.187514681
   -1.382300768    0.000000000    3.765009287
   -1.298524963    0.623917419   10.881433751
   -1.214749159    1.793429265   16.896486951
   -1.130973355    3.397967913   21.046320108
   -1.047197551    5.264941400   23.156489338
   -0.963421747    7.278870694   24.911366100
   -0.879645943    9.493723987   28.341288130
   -0.795870139   12.092820497   33.883459763
   -0.712094335   15.159800117   38.949484696
   -0.628318531   18.524843105   40.533021931
   -0.544542727   21.828465212   37.713621797
   -0.460766923   24.805733025   33.277162309
   -0.376991118   27.427986902   29.435566822
   -0.293215314   29.736388159   25.475532877
   -0.209439510   31.645963738   19.732693217
   -0.125663706   32.978423959   11.897631163
   -0.041887902   33.607294855    2.995384846
    0.041887902   33.468958005   -6.360946167
    0.125663706   32.506697490  -16.795191170
    0.209439510   30.631616130  -28.111844981
    0.293215314   27.811426630  -38.873383729
    0.376991118   24.213345753  -46.255005768
    0.460766923   20.235232784  -47.675209839
    0.544542727   16.393791832  -43.140166495
    0.628318531   13.118222982  -34.767318204
    0.712094335   10.563766486  -26.592266191
    0.795870139    8.566604014  -21.706477629
    0.879645943    6.845283559  -19.516489977
    0.963421747    5.328587721  -16.216171898
    1.047197551    4.271347392   -8.100283401
    1.130973355    4.124597214    5.283212463
    1.214749159    5.250886344   21.989334807
    1.298524963    7.831464237   39.593053967
    1.382300768   11.840594542   55.751922001
    1.466076572   17.091043108   68.931278682
    1.549852376   23.261624328   77.513205852
    1.633628180   29.916173072   80.437952424
    1.717403984   36.581969019   77.772835436
    1.801179788   42.807933360   70.146955521
    1.884955592   48.215167436   58.271424084
    1.968731396   52.494654855   43.603569216
    2.052507200   55.504741262   28.217381376
    2.136283004   57.258393124   13.903713144
    2.220058809   57.875893335    1.165131796
    2.303834613   57.479055974  -10.603961906
    2.387610417   56.072633912  -23.075915559
    2.471386221   53.597517644  -36.097593581
    2.555162025   50.029314114  -48.881801051
    2.638937829   45.479742367  -59.203338587
    2.722713633   40.205888882  -65.964927443
    2.806489437   34.532628552  -68.863452746
    2.890265241   28.773527556  -68.029234205
    2.974041045   23.227261360  -63.870845710
    3.057816849   18.171719847  -56.412516388
