#! FIELDS phi file.free der_phi
#! SET min_phi -pi
#! SET max_phi pi
#! SET nbins_phi  75
#! SET periodic_phi true
   -3.141592654   14.525063329  -49.037195115
   -3.057816849   10.768284430  -39.808283264
   -2.974041045    7.924282211  -28.367896054
   -2.890265241    5.887633351  -21.318539076
   -2.806489437    4.189091627  -19.938310003
   -2.722713633    2.519440595  -19.487979464
   -2.638937829    1.084191643  -13.705290741
   -2.555162025    0.380055230   -2.611428499
   -2.471386221    0.640005903    8.103250820
   -2.387610417    1.543879744   12.140386256
   -2.303834613    2.487769153    9.527455484
   -2.220058809    3.108087355    5.600289608
   -2.136283004    3.526665012    5.187168365
   -2.052507200    4.043020535    7.002832038
   -1.968731396    4.634307918    6.227412187
   -1.884955592    4.908321479   -0.394933610
   -1.801179788    4.509577020   -9.032696293
   -1.717403984    3.505070715  -14.097340838
   -1.633628180    2.305883163  -13.871212577
   -1.549852376    1.260554773  -11.027664377
   -1.466076572    0.475983016   -7.681004120
   -1.382300768    0.000000000   -3.364435258
   -1.298524963    0.002519236    4.043206775
   -1.214749159    0.745653803   13.828188076
   -1.130973355    2.310274645   23.221764295
   -1.047197551    4.569181492   30.224010167
   -0.963421747    7.297242528   34.647367689
   -0.879645943   10.345577470   37.918895663
   -0.795870139   13.639170559   40.561956098
   -0.712094335   17.104587658   41.979543176
   -0.628318531   20.625161933   41.743698309
   -0.544542727   24.064236460   40.023796748
   -0.460766923   27.297506609   37.036378901
   -0.376991118   30.240256784   33.037584291
   -0.293215314   32.795673374   27.783795357
   -0.209439510   34.816759676   20.155831381
   -0.125663706   36.128179860   10.813556328
   -0.041887902   36.620531018    1.030310095
    0.041887902   36.324307244   -7.731416748
    0.125663706   35.381559889  -14.495892645
    0.209439510   33.913468397  -20.628782195
    0.293215314   31.896904975  -27.873644501
    0.376991118   29.191964179  -36.862247583
    0.460766923   25.732113152  -45.184465220
    0.544542727   21.746473168  -48.888661856
    0.628318531   17.754257436  -45.161569578
    0.712094335   14.336859916  -35.693293406
    0.795870139   11.818421545  -24.666533830
    0.879645943   10.146519151  -15.802588220
    0.963421747    9.123843912   -8.791338861
    1.047197551    8.698199017   -1.054597006
    1.130973355    9.041332231    9.646902183
    1.214749159   10.370564006   22.362541680
    1.298524963   12.796686304   35.508178506
    1.382300768   16.305852303   48.166085017
    1.466076572   20.830501827   59.710274849
    1.549852376   26.251124974   69.113243476
    1.633628180   32.287755962   74.109036459
    1.717403984   38.507987009   73.434592822
    1.801179788   44.456484032   67.765306550
    1.884955592   49.757587201   58.315240837
    1.968731396   54.141936660   45.916584377
    2.052507200   57.388248148   31.228807189
    2.136283004   59.332770018   15.049336794
    2.220058809   59.916248004   -1.092010482
    2.303834613   59.185112547  -16.204482526
    2.387610417   57.224994199  -30.481214931
    2.471386221   54.067971022  -44.884965397
    2.555162025   49.732635324  -58.307805150
    2.638937829   44.410920564  -67.660456990
    2.722713633   38.606359318  -69.527140937
    2.806489437   32.969986993  -64.237663743
    2.890265241   27.888746794  -57.255140098
    2.974041045   23.272372245  -53.665258371
    3.057816849   18.820077599  -52.663566423
