#! FIELDS phi file.free der_phi
#! SET min_phi -pi
#! SET max_phi pi
#! SET nbins_phi  75
#! SET periodic_phi true
   -3.141592654   15.073426529  -46.175048091
   -3.057816849   11.661899027  -34.930615346
   -2.974041045    9.187618953  -24.892871822
   -2.890265241    7.304363758  -21.345020645
   -2.806489437    5.450930219  -23.505121721
   -2.722713633    3.372961351  -25.429851534
   -2.638937829    1.390658468  -20.528448776
   -2.555162025    0.137225767   -8.559891407
   -2.471386221    0.000000000    4.862679670
   -2.387610417    0.784846441   12.573361822
   -2.303834613    1.895488236   12.762400722
   -2.220058809    2.808911319    8.830811509
   -2.136283004    3.389144505    5.448881204
   -2.052507200    3.759195133    3.319663703
   -1.968731396    3.923822903    0.174518999
   -1.884955592    3.697912818   -5.742565129
   -1.801179788    2.972794018  -11.218818596
   -1.717403984    1.947848138  -12.421263759
   -1.633628180    1.020526902   -9.319572747
   -1.549852376    0.422571203   -5.182983856
   -1.466076572    0.123451052   -2.130556051
   -1.382300768    0.070315513    1.047082348
   -1.298524963    0.381523902    6.962777269
   -1.214749159    1.296001514   14.978783737
   -1.130973355    2.869489922   22.238411604
   -1.047197551    4.952755945   27.112448970
   -0.963421747    7.370492972   30.646725227
   -0.879645943   10.128822084   35.423333751
   -0.795870139   13.354542477   41.659189304
   -0.712094335   17.082200573   46.989797109
   -0.628318531   21.119815804   48.591871989
   -0.544542727   25.097754583   45.526276733
   -0.460766923   28.641855207   38.679371259
   -0.376991118   31.524208399   29.941776704
   -0.293215314   33.640433196   20.625130014
   -0.209439510   34.961537749   11.042682023
   -0.125663706   35.523309184    2.529922298
   -0.041887902   35.444396973   -4.047191577
    0.041887902   34.879931708   -9.216694886
    0.125663706   33.902121874  -14.293849275
    0.209439510   32.423063267  -21.486179575
    0.293215314   30.235853596  -31.125298131
    0.376991118   27.183904541  -41.591139846
    0.460766923   23.332926664  -49.497725349
    0.544542727   19.048789729  -51.670215039
    0.628318531   14.881375707  -46.696614248
    0.712094335   11.363377995  -36.672194618
    0.795870139    8.767000539  -25.586521986
    0.879645943    7.011998486  -16.921836842
    0.963421747    5.875613236  -10.370303149
    1.047197551    5.296062439   -3.044707001
    1.130973355    5.485594139    8.352616978
    1.214749159    6.810770070   24.063989908
    1.298524963    9.597198411   42.774293695
    1.382300768   14.006110380   62.367392193
    1.466076572   19.971418083   79.394164351
    1.549852376   27.119697014   89.716422267
    1.633628180   34.694805077   89.107898490
    1.717403984   41.725005957   77.009383950
    1.801179788   47.402129956   57.768448595
    1.884955592   51.382823639   37.618936673
    1.968731396   53.810513897   21.210086674
    2.052507200   55.090348548   10.132082819
    2.136283004   55.623989364    3.063498425
    2.220058809   55.644101655   -2.633584150
    2.303834613   55.152511330   -9.546712172
    2.387610417   53.957617023  -19.548271932
    2.471386221   51.768976502  -33.117386940
    2.555162025   48.396168990  -47.200206555
    2.638937829   43.957993733  -57.781687091
    2.722713633   38.887755975  -62.123523590
    2.806489437   33.705557257  -61.002718839
    2.890265241   28.705457636  -58.350161242
    2.974041045   23.901464664  -56.428698782
    3.057816849   19.279665582  -53.413187799
