#! FIELDS phi file.free der_phi
#! SET min_phi -pi
#! SET max_phi pi
#! SET nbins_phi  75
#! SET periodic_phi true
   -3.141592654   18.669251823  -29.088742323
   -3.057816849   16.099168365  -31.542923588
   -2.974041045   13.512885497  -29.415468364
   -2.890265241   11.265788614  -23.788194692
   -2.806489437    9.556747159  -17.007772563
   -2.722713633    8.404215189  -10.612374518
   -2.638937829    7.777268093   -4.335783057
   -2.555162025    7.690925275    2.287781116
   -2.471386221    8.148474938    8.309889402
   -2.387610417    8.980665334   10.666151082
   -2.303834613    9.796509666    7.967136722
   -2.220058809   10.201223904    1.267432485
   -2.136283004    9.993350446   -5.941046192
   -2.052507200    9.263169011  -10.999106804
   -1.968731396    8.207278060  -13.998029912
   -1.884955592    6.926959350  -16.445165530
   -1.801179788    5.460111236  -18.442745425
   -1.717403984    3.896162796  -18.528741652
   -1.633628180    2.432746664  -16.081360329
   -1.549852376    1.253413562  -12.045660717
   -1.466076572    0.428144322   -7.597522909
   -1.382300768    0.000000000   -2.333780455
   -1.298524963    0.101905303    5.267784055
   -1.214749159    0.956495943   15.502441398
   -1.130973355    2.736623080   27.002694135
   -1.047197551    5.450621653   37.403323059
   -0.963421747    8.915441231   44.621541508
   -0.879645943   12.803892165   47.273846781
   -0.795870139   16.665587186   43.893246325
   -0.712094335   20.021323439   35.508617344
   -0.628318531   22.540818764   24.515696776
   -0.544542727   24.151615187   14.277765443
   -0.460766923   25.022107026    7.041491993
   -0.376991118   25.417161435    2.879113371
   -0.293215314   25.567174933    0.977445732
   -0.209439510   25.611446993    0.220472247
   -0.125663706   25.618755220   -0.000000000
   -0.041887902   25.618755220   -0.000000000
    0.041887902   25.618755220   -0.000000000
    0.125663706   25.618755220   -0.000000000
    0.209439510   25.618755220   -0.000000000
    0.293215314   25.618755220   -0.000000000
    0.376991118   25.618755220   -0.000000000
    0.460766923   25.618755220   -0.000000000
    0.544542727   25.618755220   -0.000000000
    0.628318531   25.618755220   -0.000000000
    0.712094335   25.618755220   -0.000000000
    0.795870139   25.618755220   -0.000000000
    0.879645943   25.618755220   -0.000000000
    0.963421747   25.618755220   -0.000000000
    1.047197551   25.618755220   -0.000000000
    1.130973355   25.618755220   -0.000000000
    1.214749159   25.618755220   -0.000000000
    1.298524963   25.618755220   -0.000000000
    1.382300768   25.618755220   -0.000000000
    1.466076572   25.618755220   -0.000000000
    1.549852376   25.618755220   -0.000000000
    1.633628180   25.618755220   -0.000000000
    1.717403984   25.618755220   -0.000000000
    1.801179788   25.618755220   -0.000000000
    1.884955592   25.618755220   -0.000000000
    1.968731396   25.618755220   -0.000000000
    2.052507200   25.618755220   -0.000000000
    2.136283004   25.618755220   -0.000000000
    2.220058809   25.618755220   -0.000000000
    2.303834613   25.618755220   -0.000000000
    2.387610417   25.612584228   -0.133569959
    2.471386221   25.592017019   -0.396341601
    2.555162025   25.534709110   -1.050154159
    2.638937829   25.398647010   -2.318883415
    2.722713633   25.117655312   -4.504874560
    2.806489437   24.615453820   -7.657517969
    2.890265241   23.808569310  -11.811719041
    2.974041045   22.597220835  -17.285113820
    3.057816849   20.888443620  -23.553282064
