#! FIELDS phi file.free der_phi
#! SET min_phi -pi
#! SET max_phi pi
#! SET nbins_phi  75
#! SET periodic_phi true
   -3.141592654   14.406536899  -54.972635479
   -3.057816849   10.154255805  -45.568362843
   -2.974041045    6.867274291  -32.960842291
   -2.890265241    4.534142370  -23.610362559
   -2.806489437    2.771334070  -19.126555365
   -2.722713633    1.296745440  -15.768826223
   -2.638937829    0.252580734   -8.358871495
   -2.555162025    0.000000000    2.535226076
   -2.471386221    0.630376608   11.645150089
   -2.387610417    1.747871385   13.714863189
   -2.303834613    2.762557873    9.792127950
   -2.220058809    3.381619097    5.463343224
   -2.136283004    3.798812391    5.375468937
   -2.052507200    4.356687520    7.820977746
   -1.968731396    5.047092072    7.777556128
   -1.884955592    5.479623592    1.821335695
   -1.801179788    5.286931024   -6.401053930
   -1.717403984    4.503187343  -11.556352979
   -1.633628180    3.494199662  -11.952237524
   -1.549852376    2.576039050   -9.901867562
   -1.466076572    1.863524700   -6.965123449
   -1.382300768    1.458390463   -2.252683686
   -1.298524963    1.591637141    6.077999345
   -1.214749159    2.533612791   16.405124558
   -1.130973355    4.299795048   25.247950652
   -1.047197551    6.670399386   30.774740575
   -0.963421747    9.381571157   33.809651537
   -0.879645943   12.339480990   36.834770094
   -0.795870139   15.581975371   40.609210249
   -0.712094335   19.122691353   43.730045231
   -0.628318531   22.846185745   44.680531086
   -0.544542727   26.544487722   43.097324537
   -0.460766923   30.010926521   39.434517954
   -0.376991118   33.115309832   34.502273972
   -0.293215314   35.759992311   28.484916443
   -0.209439510   37.818065549   20.378357159
   -0.125663706   39.133328973   10.687847239
   -0.041887902   39.598807113    0.484020470
    0.041887902   39.232533608   -8.892039589
    0.125663706   38.159054634  -16.479186361
    0.209439510   36.490184555  -23.399599457
    0.293215314   34.223228694  -30.965433005
    0.376991118   31.274204076  -39.444046539
    0.460766923   27.649860987  -46.412266668
    0.544542727   23.634366478  -48.359574144
    0.628318531   19.753949394  -43.116947730
    0.712094335   16.544851404  -32.924495438
    0.795870139   14.253055245  -22.184683940
    0.879645943   12.749449682  -14.360757836
    0.963421747   11.791087089   -8.711352502
    1.047197551   11.318071327   -2.215009061
    1.130973355   11.525935792    7.660088297
    1.214749159   12.674876740   20.136085630
    1.298524963   14.926935845   33.691942744
    1.382300768   18.320746588   47.282354468
    1.466076572   22.815711210   59.842763442
    1.549852376   28.272866125   69.725487469
    1.633628180   34.353901112   74.453143076
    1.717403984   40.579162129   73.211162923
    1.801179788   46.500307146   67.458067555
    1.884955592   51.793868723   58.517095444
    1.968731396   56.216771613   46.529471665
    2.052507200   59.498477534   31.236028578
    2.136283004   61.372782563   13.200658678
    2.220058809   61.704687622   -5.182098707
    2.303834613   60.567802538  -21.531472004
    2.387610417   58.177032501  -35.092888217
    2.471386221   54.728543213  -47.030441430
    2.555162025   50.337599199  -57.539772608
    2.638937829   45.166412374  -65.127392680
    2.722713633   39.578745576  -67.215252139
    2.806489437   34.064160416  -63.846092527
    2.890265241   28.912303616  -59.329563499
    2.974041045   24.032155219  -57.764233576
    3.057816849   19.178599987  -58.015272061
