#! FIELDS phi file.free der_phi
#! SET min_phi -pi
#! SET max_phi pi
#! SET nbins_phi  75
#! SET periodic_phi true
   -3.141592654   19.675760545  -49.078884141
   -3.057816849   15.744806725  -43.906965161
   -2.974041045   12.440018582  -34.546963457
   -2.890265241    9.989819156  -23.958371842
   -2.806489437    8.390667598  -14.492941432
   -2.722713633    7.523989567   -6.373894527
   -2.638937829    7.298695255    0.914437251
   -2.555162025    7.644522717    7.007708353
   -2.471386221    8.358789290    9.076267098
   -2.387610417    9.004215447    5.261031626
   -2.303834613    9.110032810   -3.172987311
   -2.220058809    8.487923847  -11.109477180
   -2.136283004    7.405048274  -13.506133303
   -2.052507200    6.417220640   -9.036973745
   -1.968731396    5.953401009   -2.193829088
   -1.884955592    5.914054790    0.072558842
   -1.801179788    5.745113146   -5.408088099
   -1.717403984    4.871347153  -15.615758269
   -1.633628180    3.220525523  -22.640920556
   -1.549852376    1.347374592  -20.248540810
   -1.466076572    0.088163049   -8.584108748
   -1.382300768    0.000000000    6.488305381
   -1.298524963    1.096470057   18.785047860
   -1.214749159    2.992659786   25.594573226
   -1.130973355    5.248031018   27.687916045
   -1.047197551    7.577758801   27.885879665
   -0.963421747    9.962912954   29.379437886
   -0.879645943   12.570310122   33.191919159
   -0.795870139   15.561645497   38.232454519
   -0.712094335   18.929620792   41.684649184
   -0.628318531   22.449794092   41.582010704
   -0.544542727   25.770496344   36.982480662
   -0.460766923   28.553623742   29.037066740
   -0.376991118   30.578066217   19.057840929
   -0.293215314   31.737718453    8.700703065
   -0.209439510   32.071778916   -0.262963382
   -0.125663706   31.785689858   -5.885083660
   -0.041887902   31.199416752   -7.476480056
    0.041887902   30.618624826   -6.019225376
    0.125663706   30.202123972   -3.965294854
    0.209439510   29.895828920   -3.907750443
    0.293215314   29.434753510   -7.890410048
    0.376991118   28.444323978  -16.395042914
    0.460766923   26.625593692  -27.102073329
    0.544542727   23.942753243  -36.413537825
    0.628318531   20.669137796  -40.731097314
    0.712094335   17.290743071  -38.956790486
    0.795870139   14.284932152  -32.107375237
    0.879645943   12.000325933  -22.009314074
    0.963421747   10.649155765   -9.987435064
    1.047197551   10.358795442    3.232976403
    1.130973355   11.209536975   17.135297968
    1.214749159   13.223989557   30.842653909
    1.298524963   16.322128644   42.563825750
    1.382300768   20.223651116   49.566858234
    1.466076572   24.430532753   49.582731511
    1.549852376   28.336311840   42.663721341
    1.633628180   31.451057801   31.347249397
    1.717403984   33.576732246   19.596164434
    1.801179788   34.805996424   10.373941463
    1.884955592   35.412309820    4.646294207
    1.968731396   35.660551904    1.662136388
    2.052507200   35.741952036    0.501883173
    2.136283004   35.763340431    0.084411071
    2.220058809   35.764439809   -0.000000000
    2.303834613   35.763057907   -0.058226561
    2.387610417   35.750611629   -0.308297094
    2.471386221   35.700462546   -0.986176469
    2.555162025   35.551148998   -2.847865071
    2.638937829   35.176037883   -6.479037394
    2.722713633   34.386770652  -12.761441370
    2.806489437   32.959152328  -21.699649721
    2.890265241   30.707785258  -32.122358695
    2.974041045   27.596824510  -41.885316887
    3.057816849   23.792875264  -48.192359449
