#! FIELDS phi file.free der_phi
#! SET min_phi -pi
#! SET max_phi pi
#! SET nbins_phi  75
#! SET periodic_phi true
   -3.141592654    8.348447433   -5.087467699
   -3.057816849    7.767666208   -8.947769402
   -2.974041045    6.829120558  -13.426629734
   -2.890265241    5.532448977  -17.238531250
   -2.806489437    4.000936246  -18.843814633
   -2.722713633    2.462266285  -17.358352056
   -2.638937829    1.171590848  -13.083584525
   -2.555162025    0.322003991   -7.031695228
   -2.471386221    0.000000000   -0.734430551
   -2.387610417    0.168367114    4.448371911
   -2.303834613    0.698370822    7.877983246
   -2.220058809    1.432601822    9.289897450
   -2.136283004    2.205400946    8.889072375
   -2.052507200    2.884397875    7.184665294
   -1.968731396    3.388771277    4.835896099
   -1.884955592    3.702718245    2.737579506
   -1.801179788    3.866700905    1.307146409
   -1.717403984    3.943773848    0.604253896
   -1.633628180    3.978199472    0.158849696
   -1.549852376    3.967150188   -0.507086347
   -1.466076572    3.898375476   -1.020333551
   -1.382300768    3.825641459   -0.422201137
   -1.298524963    3.876933201    1.925521732
   -1.214749159    4.179407109    5.404184815
   -1.130973355    4.779534721    8.762381650
   -1.047197551    5.606320700   10.669801647
   -0.963421747    6.510884924   10.606328062
   -0.879645943    7.341433940    8.993584557
   -0.795870139    7.991918838    6.448186699
   -0.712094335    8.425265844    3.955069595
   -0.628318531    8.671353287    2.044903036
   -0.544542727    8.785931773    0.861285786
   -0.460766923    8.831583503    0.287035106
   -0.376991118    8.846073707    0.090465529
   -0.293215314    8.849185782   -0.000000000
   -0.209439510    8.849185782   -0.000000000
   -0.125663706    8.849185782   -0.000000000
   -0.041887902    8.849185782   -0.000000000
    0.041887902    8.849185782   -0.000000000
    0.125663706    8.849185782   -0.000000000
    0.209439510    8.849185782   -0.000000000
    0.293215314    8.849185782   -0.000000000
    0.376991118    8.849185782   -0.000000000
    0.460766923    8.849185782   -0.000000000
    0.544542727    8.849185782   -0.000000000
    0.628318531    8.849185782   -0.000000000
    0.712094335    8.849185782   -0.000000000
    0.795870139    8.849185782   -0.000000000
    0.879645943    8.849185782   -0.000000000
    0.963421747    8.849185782   -0.000000000
    1.047197551    8.849185782   -0.000000000
    1.130973355    8.849185782   -0.000000000
    1.214749159    8.849185782   -0.000000000
    1.298524963    8.849185782   -0.000000000
    1.382300768    8.849185782   -0.000000000
    1.466076572    8.849185782   -0.000000000
    1.549852376    8.849185782   -0.000000000
    1.633628180    8.849185782   -0.000000000
    1.717403984    8.849185782   -0.000000000
    1.801179788    8.849185782   -0.000000000
    1.884955592    8.849185782   -0.000000000
    1.968731396    8.849185782   -0.000000000
    2.052507200    8.849185782   -0.000000000
    2.136283004    8.849185782   -0.000000000
    2.220058809    8.849185782   -0.000000000
    2.303834613    8.849185782   -0.000000000
    2.387610417    8.849185782   -0.000000000
    2.471386221    8.849185782   -0.000000000
    2.555162025    8.849185782   -0.000000000
    2.638937829    8.849185782   -0.000000000
    2.722713633    8.849185782   -0.000000000
    2.806489437    8.846937554   -0.076094949
    2.890265241    8.833707716   -0.301391748
    2.974041045    8.784508196   -0.947596747
    3.057816849    8.651831682   -2.372032829
