#! FIELDS phi file.free der_phi
#! SET min_phi -pi
#! SET max_phi pi
#! SET nbins_phi  75
#! SET periodic_phi true
   -3.141592654   16.216915937  -51.104684278
   -3.057816849   12.406304021  -39.113204084
   -2.974041045    9.706361223  -25.618350919
   -2.890265241    7.984640408  -16.564777944
   -2.806489437    6.748137682  -13.925976772
   -2.722713633    5.558290653  -14.568192620
   -2.638937829    4.384425609  -12.724115729
   -2.555162025    3.551081113   -6.538825386
   -2.471386221    3.337302184    1.190211919
   -2.387610417    3.632334224    4.858992706
   -2.303834613    4.002199830    3.216849171
   -2.220058809    4.110450164   -0.539452785
   -2.136283004    3.968239325   -2.209374052
   -2.052507200    3.805326230   -1.583027056
   -1.968731396    3.674759741   -2.053688887
   -1.884955592    3.351226829   -6.057906641
   -1.801179788    2.631591917  -10.952009568
   -1.717403984    1.618296488  -12.436868694
   -1.633628180    0.685664446   -9.250881523
   -1.549852376    0.132166891   -4.020750597
   -1.466076572    0.000000000    0.663475159
   -1.382300768    0.223187183    4.631282525
   -1.298524963    0.813272015    9.736494196
   -1.214749159    1.874429653   15.520032920
   -1.130973355    3.395689132   20.535161085
   -1.047197551    5.263964048   23.843117220
   -0.963421747    7.381977464   26.881158407
   -0.879645943    9.825583543   31.731493351
   -0.795870139   12.738724171   37.808831155
   -0.712094335   16.112565411   42.255988222
   -0.628318531   19.687831569   42.203871324
   -0.544542727   23.043277235   37.094246445
   -0.460766923   25.816114399   28.883684994
   -0.376991118   27.873579050   20.410648288
   -0.293215314   29.283501173   13.633795998
   -0.209439510   30.209835257    8.866330493
   -0.125663706   30.823786989    5.968228970
   -0.041887902   31.232944575    3.795538656
    0.041887902   31.423123376    0.432876187
    0.125663706   31.232032672   -5.512481958
    0.209439510   30.404767329  -14.702326169
    0.293215314   28.724161395  -25.565490538
    0.376991118   26.151743469  -35.326527419
    0.460766923   22.923995607  -40.647711133
    0.544542727   19.500464592  -40.178668170
    0.628318531   16.324879375  -35.107386682
    0.712094335   13.645755574  -28.800135272
    0.795870139   11.469015005  -23.501349270
    0.879645943    9.677119537  -19.350897917
    0.963421747    8.278201448  -13.549169014
    1.047197551    7.524446341   -3.643530755
    1.130973355    7.811027025   11.179394940
    1.214749159    9.468951627   28.602026630
    1.298524963   12.570427488   44.917123137
    1.382300768   16.864682766   56.547113412
    1.466076572   21.830107157   60.702488966
    1.549852376   26.823288350   57.286112375
    1.633628180   31.263044223   47.969803496
    1.717403984   34.787913414   36.025917154
    1.801179788   37.321834458   24.710159152
    1.884955592   38.999114336   15.826561387
    1.968731396   40.034321767    9.322339718
    2.052507200   40.629203682    5.132445294
    2.136283004   40.938886497    2.475907157
    2.220058809   41.070439817    0.762192213
    2.303834613   41.077810966   -0.602260221
    2.387610417   40.951968270   -2.553228515
    2.471386221   40.599119370   -6.235968024
    2.555162025   39.849146112  -12.088179637
    2.638937829   38.511130985  -20.120492745
    2.722713633   36.431864829  -29.620545714
    2.806489437   33.542692367  -39.348273753
    2.890265241   29.860864410  -48.317129890
    2.974041045   25.507096992  -55.009903273
    3.057816849   20.782900549  -56.658710890
