#! FIELDS phi file.free der_phi
#! SET min_phi -pi
#! SET max_phi pi
#! SET nbins_phi  75
#! SET periodic_phi true
   -3.141592654   16.401531330  -51.030680561
   -3.057816849   12.477284625  -41.769309210
   -2.974041045    9.484248080  -29.677325073
   -2.890265241    7.429518692  -20.116384041
   -2.806489437    5.973969622  -15.415430060
   -2.722713633    4.766204243  -13.503377092
   -2.638937829    3.770725986   -9.692671214
   -2.555162025    3.236624262   -2.576115287
   -2.471386221    3.365491465    5.311219634
   -2.387610417    3.998976231    8.812075677
   -2.303834613    4.695537390    7.105868270
   -2.220058809    5.131635565    3.393325978
   -2.136283004    5.316390562    1.603031460
   -2.052507200    5.449843621    1.578405974
   -1.968731396    5.532023284   -0.252156626
   -1.884955592    5.281840044   -6.153171135
   -1.801179788    4.474268530  -12.921109551
   -1.717403984    3.231661952  -15.861248920
   -1.633628180    1.962236984  -13.830083598
   -1.549852376    0.981668290   -9.633064661
   -1.466076572    0.339488855   -5.839556417
   -1.382300768    0.000000000   -2.181598871
   -1.298524963    0.044856868    3.763529345
   -1.214749159    0.691531538   11.875602309
   -1.130973355    2.060373911   20.719125087
   -1.047197551    4.129054035   28.364381043
   -0.963421747    6.766991797   34.388604388
   -0.879645943    9.863892904   39.225622362
   -0.795870139   13.285998287   41.994777490
   -0.712094335   16.809854231   41.581531579
   -0.628318531   20.147680051   37.544241293
   -0.544542727   23.028556106   30.876877530
   -0.460766923   25.308861359   23.621162018
   -0.376991118   27.021234108   17.631146219
   -0.293215314   28.334749218   14.209058234
   -0.209439510   29.461395810   13.060504167
   -0.125663706   30.555422711   13.014780404
   -0.041887902   31.602927896   11.555589132
    0.041887902   32.368104789    5.904054696
    0.125663706   32.457327939   -4.525404707
    0.209439510   31.514198049  -18.259982356
    0.293215314   29.409983056  -31.706064766
    0.376991118   26.297990444  -41.798927607
    0.460766923   22.551980463  -46.520736137
    0.544542727   18.653161377  -45.745530808
    0.628318531   15.009278124  -40.728915522
    0.712094335   11.867449392  -34.141739916
    0.795870139    9.279180226  -27.870084660
    0.879645943    7.184451068  -22.141478241
    0.963421747    5.611675399  -14.923005731
    1.047197551    4.796761376   -3.760511819
    1.130973355    5.121088084   12.182090278
    1.214749159    6.906893074   30.617850710
    1.298524963   10.206448508   47.543498242
    1.382300768   14.716924357   58.916367148
    1.466076572   19.834760363   61.824186241
    1.549852376   24.848041863   56.623247692
    1.633628180   29.165891911   45.844443563
    1.717403984   32.483337572   33.372463751
    1.801179788   34.805635261   22.427073320
    1.884955592   36.323405162   14.323760769
    1.968731396   37.264244793    8.535880280
    2.052507200   37.814149489    4.799096416
    2.136283004   38.106325405    2.360277424
    2.220058809   38.233139381    0.776771882
    2.303834613   38.248231778   -0.441361121
    2.387610417   38.147273440   -2.063012951
    2.471386221   37.861083860   -5.044889318
    2.555162025   37.256996459   -9.697389369
    2.638937829   36.186186617  -16.092057472
    2.722713633   34.514845261  -23.957030161
    2.806489437   32.150047371  -32.641380315
    2.890265241   29.037780429  -41.627080486
    2.974041045   25.199470656  -49.601409412
    3.057816849   20.836092693  -53.613905723
