#! FIELDS phi file.free der_phi
#! SET min_phi -pi
#! SET max_phi pi
#! SET nbins_phi  75
#! SET periodic_phi true
   -3.141592654   19.055195485  -59.590557871
   -3.057816849   14.396489955  -51.218448948
   -2.974041045   10.531298812  -40.839474085
   -2.890265241    7.579914964  -29.555962466
   -2.806489437    5.569863986  -18.556918159
   -2.722713633    4.432291406   -8.821372944
   -2.638937829    4.047861775   -0.598568998
   -2.555162025    4.292332003    6.186117435
   -2.471386221    5.014328269   10.461808818
   -2.387610417    5.947699638   10.991842454
   -2.303834613    6.740455231    7.380578316
   -2.220058809    7.134988753    2.034736671
   -2.136283004    7.128411728   -1.625353868
   -2.052507200    6.960559363   -1.660716238
   -1.968731396    6.891433731   -0.029270929
   -1.884955592    6.879067957   -0.965722863
   -1.801179788    6.599770582   -6.483980263
   -1.717403984    5.711855160  -14.783972507
   -1.633628180    4.185728035  -20.939237216
   -1.549852376    2.375696123  -21.052911357
   -1.466076572    0.832813932  -14.803860361
   -1.382300768    0.000000000   -4.594803515
   -1.298524963    0.111274318    7.272684964
   -1.214749159    1.215133086   18.936669050
   -1.130973355    3.214362535   28.216502063
   -1.047197551    5.832542356   33.632882410
   -0.963421747    8.787664544   36.584381550
   -0.879645943   11.961333938   39.279105006
   -0.795870139   15.402709246   42.971445542
   -0.712094335   19.143916193   46.018468526
   -0.628318531   23.033702556   46.156363029
   -0.544542727   26.773591337   42.584114473
   -0.460766923   30.112389327   36.913034701
   -0.376991118   32.935222616   30.333634651
   -0.293215314   35.164582456   22.614835496
   -0.209439510   36.686473540   13.643164826
   -0.125663706   37.465346512    5.262496360
   -0.041887902   37.631685294   -0.908218110
    0.041887902   37.369110237   -5.141584729
    0.125663706   36.747363445   -9.974005386
    0.209439510   35.632330899  -17.141106947
    0.293215314   33.819361005  -26.320244915
    0.376991118   31.230464104  -35.167108535
    0.460766923   28.040183181  -40.231593413
    0.544542727   24.637608657  -40.151205793
    0.628318531   21.443486012  -35.592706231
    0.712094335   18.710625097  -29.741598206
    0.795870139   16.405863871  -25.687711480
    0.879645943   14.347459820  -23.490426222
    0.963421747   12.512008538  -19.699575072
    1.047197551   11.205330391  -10.374016558
    1.130973355   10.954666130    5.298981302
    1.214749159   12.210335332   25.058506078
    1.298524963   15.154273685   44.864954763
    1.382300768   19.613164647   60.619130266
    1.466076572   25.121543450   69.481457964
    1.549852376   31.004424998   69.446733904
    1.633628180   36.507509912   60.695652667
    1.717403984   41.011412737   46.183206984
    1.801179788   44.205288457   30.299475142
    1.884955592   46.164564532   17.086528435
    1.968731396   47.191079820    8.141982278
    2.052507200   47.647138585    3.308351087
    2.136283004   47.814186902    0.971406206
    2.220058809   47.842003111   -0.201935931
    2.303834613   47.783268720   -1.295204208
    2.387610417   47.591860684   -3.493521144
    2.471386221   47.152323692   -7.393555230
    2.555162025   46.280633613  -13.868077272
    2.638937829   44.761765286  -22.814795728
    2.722713633   42.392160900  -33.976330668
    2.806489437   39.035899407  -46.149779138
    2.890265241   34.705406929  -56.731948135
    2.974041045   29.642346008  -63.318033283
    3.057816849   24.267640482  -64.076040016
