#! FIELDS phi file.free der_phi
#! SET min_phi -pi
#! SET max_phi pi
#! SET nbins_phi  75
#! SET periodic_phi true
   -3.141592654   15.580537249  -53.280326758
   -3.057816849   11.643602183  -40.161817275
   -2.974041045    8.835954892  -27.616871886
   -2.890265241    6.823060443  -21.780430428
   -2.806489437    5.014892604  -22.027374394
   -2.722713633    3.140277793  -22.049874636
   -2.638937829    1.512919246  -15.562252163
   -2.555162025    0.698601027   -3.334479584
   -2.471386221    0.943949646    8.462895484
   -2.387610417    1.917186164   13.386862672
   -2.303834613    2.994356152   11.399289703
   -2.220058809    3.776231945    7.477176644
   -2.136283004    4.325115046    6.299709449
   -2.052507200    4.881261850    6.792702447
   -1.968731396    5.394098718    4.602445657
   -1.884955592    5.491537615   -2.860805219
   -1.801179788    4.878067610  -11.576386422
   -1.717403984    3.684575737  -15.963754368
   -1.633628180    2.367990482  -14.815375174
   -1.549852376    1.276739226  -11.251870118
   -1.466076572    0.482235738   -7.762445579
   -1.382300768    0.000000000   -3.416620584
   -1.298524963    0.014843408    4.528688012
   -1.214749159    0.841760630   15.410100355
   -1.130973355    2.584882356   25.825135862
   -1.047197551    5.074097925   32.926595130
   -0.963421747    8.001351769   36.589566881
   -0.879645943   11.179373047   39.152221937
   -0.795870139   14.572009651   41.827420345
   -0.712094335   18.169815505   43.930846943
   -0.628318531   21.882073267   44.289198196
   -0.544542727   25.533237224   42.405130234
   -0.460766923   28.926898228   38.343063765
   -0.376991118   31.909068756   32.577484339
   -0.293215314   34.339303488   25.268922697
   -0.209439510   36.088545197   16.462257158
   -0.125663706   37.114820654    8.152637221
   -0.041887902   37.510484281    1.637849552
    0.041887902   37.414394313   -3.808777032
    0.125663706   36.849746419   -9.999222545
    0.209439510   35.651554326  -19.165051596
    0.293215314   33.571102011  -30.843107324
    0.376991118   30.479600509  -42.650147778
    0.460766923   26.525277900  -50.700128501
    0.544542727   22.169729484  -52.036682060
    0.628318531   18.026720404  -45.715408102
    0.712094335   14.641279240  -34.553276739
    0.795870139   12.246352449  -23.066977167
    0.879645943   10.682439231  -15.051222101
    0.963421747    9.648393028   -9.905589278
    1.047197551    9.040581448   -4.171089351
    1.130973355    9.073537759    5.713651694
    1.214749159   10.116167933   19.906855944
    1.298524963   12.474520111   36.610866374
    1.382300768   16.265963910   53.782169868
    1.466076572   21.428516021   69.075069843
    1.549852376   27.717986413   80.061775688
    1.633628180   34.631954327   83.547389746
    1.717403984   41.465927593   78.139759222
    1.801179788   47.527483927   65.554304765
    1.884955592   52.350981986   49.328674251
    1.968731396   55.784175859   32.861219887
    2.052507200   57.919806157   18.520823342
    2.136283004   58.963372787    6.829580107
    2.220058809   59.121769772   -2.875364566
    2.303834613   58.500265329  -12.071877196
    2.387610417   57.068234922  -22.414127584
    2.471386221   54.674672156  -35.014210432
    2.555162025   51.187773434  -48.102526206
    2.638937829   46.693438570  -58.397313222
    2.722713633   41.550277581  -63.396339844
    2.806489437   36.206576131  -63.710090231
    2.890265241   30.903109579  -62.940811346
    2.974041045   25.632139591  -62.914433018
    3.057816849   20.412923069  -60.976149334
