#! FIELDS phi file.free der_phi
#! SET min_phi -pi
#! SET max_phi pi
#! SET nbins_phi  75
#! SET periodic_phi true
   -3.141592654   18.390255436  -34.334923514
   -3.057816849   15.461325054  -35.018156636
   -2.974041045   12.618809830  -32.298182007
   -2.890265241   10.115493371  -27.150635092
   -2.806489437    8.095967646  -21.009907069
   -2.722713633    6.595680104  -14.787516068
   -2.638937829    5.624467574   -8.425896105
   -2.555162025    5.161214460   -2.898984976
   -2.471386221    5.071867048    0.145629894
   -2.387610417    5.062445730   -1.114546137
   -2.303834613    4.825786003   -4.645263830
   -2.220058809    4.328813494   -6.586749579
   -2.136283004    3.850222257   -3.997301764
   -2.052507200    3.729442225    1.144057781
   -1.968731396    3.964557989    3.580330521
   -1.884955592    4.145961067   -0.118759626
   -1.801179788    3.845667616   -7.227233037
   -1.717403984    3.002055534  -12.227113088
   -1.633628180    1.939734965  -12.411013908
   -1.549852376    1.014563358   -9.499130388
   -1.466076572    0.364092475   -6.046777791
   -1.382300768    0.000000000   -2.533762534
   -1.298524963    0.011986635    3.405355801
   -1.214749159    0.660546499   12.555829780
   -1.130973355    2.171047171   23.579249718
   -1.047197551    4.575703180   33.358985383
   -0.963421747    7.657824348   39.487289939
   -0.879645943   11.076484583   41.300677897
   -0.795870139   14.471371157   39.178046213
   -0.712094335   17.587738959   34.991499718
   -0.628318531   20.313521712   30.085709654
   -0.544542727   22.632184616   25.263693610
   -0.460766923   24.553819458   20.610100797
   -0.376991118   26.091999796   16.193356387
   -0.293215314   27.289431819   12.582606735
   -0.209439510   28.219945529    9.838003738
   -0.125663706   28.952510030    7.639752044
   -0.041887902   29.478213998    4.692457814
    0.041887902   29.669774805   -0.508579512
    0.125663706   29.318926409   -8.282024987
    0.209439510   28.222189845  -18.134207495
    0.293215314   26.275957631  -28.226129074
    0.376991118   23.549597010  -36.328249164
    0.460766923   20.295427809  -40.578725316
    0.544542727   16.858480765  -40.932955244
    0.628318531   13.517713623  -38.474068573
    0.712094335   10.434552456  -35.015610236
    0.795870139    7.670588862  -30.832447831
    0.879645943    5.310216012  -25.127443934
    0.963421747    3.551256872  -16.185384031
    1.047197551    2.726413062   -2.708042794
    1.130973355    3.220740455   15.106663292
    1.214749159    5.310979261   34.851694311
    1.298524963    8.982570228   51.920068929
    1.382300768   13.791475783   61.206331881
    1.466076572   18.922701589   59.478200848
    1.549852376   23.495038663   48.483685597
    1.633628180   26.924287188   33.172910589
    1.717403984   29.089368376   19.044756016
    1.801179788   30.239419252    9.162321491
    1.884955592   30.751942832    3.742070217
    1.968731396   30.940212084    1.130923006
    2.052507200   30.993544446    0.254702049
    2.136283004   31.001484232   -0.000000000
    2.220058809   30.997778757   -0.098048558
    2.303834613   30.978649734   -0.398808814
    2.387610417   30.914535317   -1.205529150
    2.471386221   30.751995574   -2.877659309
    2.555162025   30.399581215   -5.744951495
    2.638937829   29.757502780   -9.721014474
    2.722713633   28.751557081  -14.286156508
    2.806489437   27.369481555  -18.657066482
    2.890265241   25.637033041  -22.652593150
    2.974041045   23.566688185  -26.802261913
    3.057816849   21.141741028  -31.024597673
