#! FIELDS phi file.free der_phi
#! SET min_phi -pi
#! SET max_phi pi
#! SET nbins_phi  75
#! SET periodic_phi true
   -3.141592654   15.010471994  -50.813167618
   -3.057816849   11.151458503  -40.519406701
   -2.974041045    8.277819464  -28.246515097
   -2.890265241    6.311090902  -19.650490105
   -2.806489437    4.823562609  -16.727360339
   -2.722713633    3.428173407  -16.613716245
   -2.638937829    2.119214593  -13.910560270
   -2.555162025    1.220638750   -6.913349390
   -2.471386221    1.009771314    1.643235064
   -2.387610417    1.382802774    6.326309183
   -2.303834613    1.933011581    6.131492136
   -2.220058809    2.357550188    4.091902124
   -2.136283004    2.668482441    3.871523724
   -2.052507200    3.044036214    5.000488937
   -1.968731396    3.441220948    3.765768646
   -1.884955592    3.537401494   -1.959626030
   -1.801179788    3.078147146   -8.819394941
   -1.717403984    2.169221632  -12.022523951
   -1.633628180    1.209172554  -10.292036356
   -1.549852376    0.511035102   -6.412337392
   -1.466076572    0.124107225   -2.999602327
   -1.382300768    0.000000000    0.076419776
   -1.298524963    0.194528429    5.010189931
   -1.214749159    0.887284569   11.638427020
   -1.130973355    2.155543400   18.487849768
   -1.047197551    3.945085444   23.955974072
   -0.963421747    6.140362306   28.420695234
   -0.879645943    8.727833790   33.393568880
   -0.795870139   11.746211105   38.554789628
   -0.712094335   15.141915670   42.086039365
   -0.628318531   18.685555006   41.754117872
   -0.544542727   22.013824731   36.971119123
   -0.460766923   24.800349962   29.314277227
   -0.376991118   26.919198545   21.486551619
   -0.293215314   28.459539747   15.756381964
   -0.209439510   29.623007735   12.445584341
   -0.125663706   30.589884296   10.696686712
   -0.041887902   31.398956951    8.359675954
    0.041887902   31.903458277    3.126381309
    0.125663706   31.823142325   -5.601546679
    0.209439510   30.884329446  -17.085299988
    0.293215314   28.956339163  -28.846947167
    0.376991118   26.112175893  -38.477575819
    0.460766923   22.624905149  -43.791961311
    0.544542727   18.913339376  -44.015970979
    0.628318531   15.376406425  -39.854061136
    0.712094335   12.283922461  -33.782604602
    0.795870139    9.714274730  -27.749289287
    0.879645943    7.621513286  -22.225694318
    0.963421747    6.035588489  -15.178887803
    1.047197551    5.185062197   -4.398043416
    1.130973355    5.430420201   10.891286053
    1.214749159    7.074521191   28.527072949
    1.298524963   10.172700687   44.917123137
    1.382300768   14.466955965   56.547113412
    1.466076572   19.432380357   60.702488966
    1.549852376   24.425561550   57.286112375
    1.633628180   28.865317423   47.969803496
    1.717403984   32.390186613   36.025917154
    1.801179788   34.924107657   24.710159152
    1.884955592   36.601387535   15.826561387
    1.968731396   37.636594966    9.322339718
    2.052507200   38.231476882    5.132445294
    2.136283004   38.541159696    2.475907157
    2.220058809   38.672713016    0.762192213
    2.303834613   38.680084166   -0.602260221
    2.387610417   38.555272345   -2.510391008
    2.471386221   38.209462833   -6.094055367
    2.555162025   37.480280518  -11.701577298
    2.638937829   36.194894330  -19.206683500
    2.722713633   34.223809691  -27.912010377
    2.806489437   31.515717408  -36.746592696
    2.890265241   28.079944714  -45.138020928
    2.974041045   23.991517992  -52.004140898
    3.057816849   19.480391740  -54.713264452
