#! FIELDS phi file.free der_phi
#! SET min_phi -pi
#! SET max_phi pi
#! SET nbins_phi  75
#! SET periodic_phi true
   -3.141592654   19.481574020  -44.224492135
   -3.057816849   15.999446361  -38.048855430
   -2.974041045   13.202418919  -28.468098204
   -2.890265241   11.207948489  -19.509401758
   -2.806489437    9.844856103  -13.595612457
   -2.722713633    8.856864955  -10.184899679
   -2.638937829    8.148756717   -6.528645922
   -2.555162025    7.795218443   -1.811170797
   -2.471386221    7.829918881    2.223078936
   -2.387610417    8.054203602    2.325281126
   -2.303834613    8.136399580   -0.649995320
   -2.220058809    7.959638267   -3.091677482
   -2.136283004    7.716155366   -1.994109078
   -2.052507200    7.669986598    0.715291268
   -1.968731396    7.736661556   -0.132163598
   -1.884955592    7.457949484   -7.278930967
   -1.801179788    6.455475358  -16.510881878
   -1.717403984    4.819754414  -21.463593557
   -1.633628180    3.049047954  -19.878484965
   -1.549852376    1.596488614  -14.657797662
   -1.466076572    0.601836843   -9.172014052
   -1.382300768    0.051316346   -3.935322819
   -1.298524963    0.000000000    3.164069404
   -1.214749159    0.639276504   12.316680258
   -1.130973355    2.086825109   22.195310654
   -1.047197551    4.325762795   30.936765887
   -0.963421747    7.216512379   37.747041848
   -0.879645943   10.598748112   42.485427850
   -0.795870139   14.249884391   44.031895598
   -0.712094335   17.879202184   42.007776131
   -0.628318531   21.195538969   36.788664320
   -0.544542727   24.014197706   30.430623817
   -0.460766923   26.328866363   25.120459538
   -0.376991118   28.284715484   21.932766333
   -0.293215314   30.056288216   20.538092682
   -0.209439510   31.719376932   19.074579965
   -0.125663706   33.208060705   16.060631726
   -0.041887902   34.341027015   10.564083180
    0.041887902   34.886125199    1.962367331
    0.125663706   34.595970698   -9.316936823
    0.209439510   33.267401488  -22.632227012
    0.293215314   30.810436632  -35.846353837
    0.376991118   27.344225457  -46.145792206
    0.460766923   23.233173353  -50.821296855
    0.544542727   18.999645947  -49.339853013
    0.628318531   15.099709994  -43.194990254
    0.712094335   11.800365557  -35.501661443
    0.795870139    9.140000742  -28.194970537
    0.879645943    7.064648694  -21.288427417
    0.963421747    5.620291638  -12.680815937
    1.047197551    5.056358082    0.025011527
    1.130973355    5.754993850   17.300871202
    1.214749159    8.013770540   36.690499426
    1.298524963   11.832534158   53.659047495
    1.382300768   16.806653006   63.570411598
    1.466076572   22.194344968   63.382610574
    1.549852376   27.174454095   54.249022400
    1.633628180   31.135140263   39.849320319
    1.717403984   33.842397135   25.065333576
    1.801179788   35.429747924   13.465095351
    1.884955592   36.224089179    6.221036384
    1.968731396   36.559838870    2.288419457
    2.052507200   36.676733206    0.701131615
    2.136283004   36.707259068    0.141475296
    2.220058809   36.708532046   -0.098048558
    2.303834613   36.689403023   -0.398808814
    2.387610417   36.625288606   -1.205529150
    2.471386221   36.458648425   -2.999737021
    2.555162025   36.083445000   -6.236207343
    2.638937829   35.365892307  -11.143477175
    2.722713633   34.167342637  -17.667103622
    2.806489437   32.377431573  -25.208652413
    2.890265241   29.933389161  -33.111938144
    2.974041045   26.844096481  -40.360747706
    3.057816849   23.249619854  -44.764575107
