#! FIELDS phi file.free der_phi
#! SET min_phi -pi
#! SET max_phi pi
#! SET nbins_phi  75
#! SET periodic_phi true
   -3.141592654   15.373763862  -50.796595200
   -3.057816849   11.584839577  -39.188273335
   -2.974041045    8.791233004  -28.192151280
   -2.890265241    6.685421000  -23.298652694
   -2.806489437    4.734926023  -23.826540234
   -2.722713633    2.711340744  -23.802727430
   -2.638937829    0.939747514  -17.231156308
   -2.555162025    0.000000000   -4.573030185
   -2.471386221    0.182282738    8.316410179
   -2.387610417    1.208272763   14.828040283
   -2.303834613    2.465316494   14.107690028
   -2.220058809    3.482057715   10.114475392
   -2.136283004    4.192851539    7.320653653
   -2.052507200    4.739648132    5.552419103
   -1.968731396    5.078348311    1.917314206
   -1.884955592    4.946413303   -5.377984753
   -1.801179788    4.180404094  -12.559269395
   -1.717403984    2.984152693  -15.057674947
   -1.633628180    1.810066285  -12.425211192
   -1.549852376    0.957424006   -8.061510854
   -1.466076572    0.439034921   -4.484850155
   -1.382300768    0.207908614   -0.847836209
   -1.298524963    0.379321456    5.531006341
   -1.214749159    1.199255853   14.186503033
   -1.130973355    2.742626173   22.343325527
   -1.047197551    4.870693639   27.983653602
   -0.963421747    7.370334471   31.579925948
   -0.879645943   10.173735102   35.396356291
   -0.795870139   13.329191676   39.946080222
   -0.712094335   16.839759360   43.608136665
   -0.628318531   20.556831468   44.542900229
   -0.544542727   24.217106652   42.234009359
   -0.460766923   27.561589325   37.343710422
   -0.376991118   30.431774285   30.979256599
   -0.293215314   32.722607005   23.638424063
   -0.209439510   34.352749243   15.288518722
   -0.125663706   35.306722451    7.613520712
   -0.041887902   35.685113322    1.765996717
    0.041887902   35.628087977   -3.003373427
    0.125663706   35.158075095   -8.568272341
    0.209439510   34.097432861  -17.387503253
    0.293215314   32.159407654  -29.335143721
    0.376991118   29.159563671  -42.060436877
    0.460766923   25.204202994  -51.313534387
    0.544542727   20.755422086  -53.557230524
    0.628318531   16.469532787  -47.491542008
    0.712094335   12.945473184  -36.017833221
    0.795870139   10.449902959  -23.998037789
    0.879645943    8.828885063  -15.494449596
    0.963421747    7.772994207  -10.002021689
    1.047197551    7.169602970   -3.964640597
    1.130973355    7.235831004    6.371261453
    1.214749159    8.357682303   21.178188871
    1.298524963   10.854295218   38.650273826
    1.382300768   14.847022571   56.510576670
    1.466076572   20.255373763   72.135772158
    1.549852376   26.796657982   82.914203944
    1.633628180   33.919702243   85.583719690
    1.717403984   40.869364603   78.778256974
    1.801179788   46.914459787   64.517004254
    1.884955592   51.587245996   46.879037636
    1.968731396   54.789263852   30.008024247
    2.052507200   56.716411636   16.612736898
    2.136283004   57.676209110    6.828001462
    2.220058809   57.917428261   -0.998732430
    2.303834613   57.497349902   -9.385214449
    2.387610417   56.267007395  -20.538671056
    2.471386221   53.955123248  -35.027554169
    2.555162025   50.390780332  -49.767696327
    2.638937829   45.727745914  -60.485131941
    2.722713633   40.444555162  -64.450683005
    2.806489437   35.085144341  -62.986931110
    2.890265241   29.913909337  -60.593331854
    2.974041045   24.887036786  -59.589486535
    3.057816849   19.954913754  -57.606470792
