#! FIELDS phi file.free der_phi
#! SET min_phi -pi
#! SET max_phi pi
#! SET nbins_phi  75
#! SET periodic_phi true
   -3.141592654   18.970109916  -34.334923514
   -3.057816849   16.041179534  -35.018156636
   -2.974041045   13.198664309  -32.298182007
   -2.890265241   10.695347850  -27.150635092
   -2.806489437    8.675822126  -21.009907069
   -2.722713633    7.175534584  -14.787516068
   -2.638937829    6.204322053   -8.425896105
   -2.555162025    5.741068939   -2.898984976
   -2.471386221    5.651721527    0.145629894
   -2.387610417    5.642300209   -1.114546137
   -2.303834613    5.405640483   -4.645263830
   -2.220058809    4.908667974   -6.586749579
   -2.136283004    4.430076737   -3.997301764
   -2.052507200    4.309218027    1.122681919
   -1.968731396    4.540691528    3.505088045
   -1.884955592    4.710664281   -0.336925401
   -1.801179788    4.380834973   -7.745028340
   -1.717403984    3.474875784  -13.222853028
   -1.633628180    2.306472884  -13.934532872
   -1.549852376    1.239478494  -11.285361060
   -1.466076572    0.448540771   -7.497692172
   -1.382300768    0.000000000   -3.014611590
   -1.298524963    0.022575712    4.127918737
   -1.214749159    0.771652775   14.135186934
   -1.130973355    2.427249860   25.351151491
   -1.047197551    4.968325797   34.781160333
   -0.963421747    8.147148203   40.371364169
   -0.879645943   11.620045920   41.740060997
   -0.795870139   15.039538591   39.355443587
   -0.712094335   18.165043852   35.050218705
   -0.628318531   20.893376192   30.085709654
   -0.544542727   23.212039096   25.263693610
   -0.460766923   25.133673938   20.610100797
   -0.376991118   26.671854275   16.193356387
   -0.293215314   27.869286299   12.582606735
   -0.209439510   28.799527664    9.801116038
   -0.125663706   29.525841770    7.511110519
   -0.041887902   30.032111986    4.323006130
    0.041887902   30.171943758   -1.458503757
    0.125663706   29.703112772  -10.237031721
    0.209439510   28.386467098  -21.477590047
    0.293215314   26.096646400  -33.080109911
    0.376991118   22.911225720  -42.334679247
    0.460766923   19.127622888  -47.049521321
    0.544542727   15.162459552  -46.910256164
    0.628318531   11.374523733  -43.043506887
    0.712094335    7.987186226  -37.676839754
    0.795870139    5.075345258  -31.798379448
    0.879645943    2.683440237  -25.024416006
    0.963421747    0.961223740  -15.429643073
    1.047197551    0.231950492   -1.112864143
    1.130973355    0.909001544   17.909719373
    1.214749159    3.282906304   38.739921691
    1.298524963    7.308335907   56.370186930
    1.382300768   12.495140635   65.731224004
    1.466076572   18.002671189   63.949827782
    1.549852376   22.948385130   52.896604290
    1.633628180   26.735358501   37.220940205
    1.717403984   29.206832336   22.241224149
    1.801179788   30.579979506   11.265125882
    1.884955592   31.226489989    4.887412048
    1.968731396   31.481257083    1.640625866
    2.052507200   31.562209721    0.445202041
    2.136283004   31.579666260    0.058517904
    2.220058809   31.577633236   -0.098048558
    2.303834613   31.558504213   -0.398808814
    2.387610417   31.494389797   -1.205529150
    2.471386221   31.331850054   -2.877659309
    2.555162025   30.979435694   -5.744951495
    2.638937829   30.337357260   -9.721014474
    2.722713633   29.331411560  -14.286156508
    2.806489437   27.949336035  -18.657066482
    2.890265241   26.216887521  -22.652593150
    2.974041045   24.146542664  -26.802261913
    3.057816849   21.721595508  -31.024597673
