#! FIELDS phi file.free der_phi
#! SET min_phi -pi
#! SET max_phi pi
#! SET nbins_phi  75
#! SET periodic_phi true
   -3.141592654   14.964438136  -49.705014162
   -3.057816849   11.147709276  -40.606886073
   -2.974041045    8.228648522  -29.364281742
   -2.890265241    6.101593983  -22.457781945
   -2.806489437    4.308671929  -21.009822335
   -2.722713633    2.560563756  -20.234605910
   -2.638937829    1.083063273  -13.933749910
   -2.555162025    0.386279659   -2.174773423
   -2.471386221    0.717849241    9.409935189
   -2.387610417    1.772689130   14.437511095
   -2.303834613    2.944109077   12.588497019
   -2.220058809    3.826228593    8.616657322
   -2.136283004    4.456456234    7.038643184
   -2.052507200    5.047765675    6.865739271
   -1.968731396    5.542595743    4.153231478
   -1.884955592    5.591258118   -3.508360545
   -1.801179788    4.928341796  -12.058051246
   -1.717403984    3.701643535  -16.301790253
   -1.633628180    2.358737721  -15.112505950
   -1.549852376    1.243411868  -11.499845020
   -1.466076572    0.444451702   -7.567635739
   -1.382300768    0.000000000   -2.720785609
   -1.298524963    0.080512309    5.281518213
   -1.214749159    0.953452513   15.698962170
   -1.130973355    2.702337629   25.742996400
   -1.047197551    5.193869086   33.205595137
   -0.963421747    8.176348718   37.641300402
   -0.879645943   11.455461618   40.333908662
   -0.795870139   14.909682513   41.934285832
   -0.712094335   18.447365950   42.415992378
   -0.628318531   21.991709016   42.046355178
   -0.544542727   25.485821129   41.169291310
   -0.460766923   28.866620209   39.398180180
   -0.376991118   32.036903522   35.903408607
   -0.293215314   34.801897214   29.657792957
   -0.209439510   36.892866753   19.844899783
   -0.125663706   38.087110653    8.491506192
   -0.041887902   38.350374399   -1.823593597
    0.041887902   37.848763495   -9.595109730
    0.125663706   36.812226505  -14.919725288
    0.209439510   35.347853851  -20.270071859
    0.293215314   33.365558046  -27.514650199
    0.376991118   30.681879396  -36.679835549
    0.460766923   27.241411787  -44.831246963
    0.544542727   23.302697886  -48.142637900
    0.628318531   19.381697595  -44.297233801
    0.712094335   16.022503718  -35.259198837
    0.795870139   13.503186884  -25.189194508
    0.879645943   11.740749867  -17.431689820
    0.963421747   10.546087087  -11.146529067
    1.047197551    9.919207596   -3.335546554
    1.130973355   10.105053788    8.303293516
    1.214749159   11.384537203   22.577134917
    1.298524963   13.899272498   37.386532318
    1.382300768   17.630693829   51.496713514
    1.466076572   22.476103489   63.946978234
    1.549852376   28.265225078   73.549625766
    1.633628180   34.654856450   77.956230370
    1.717403984   41.142419812   75.823685959
    1.801179788   47.207515814   68.052605990
    1.884955592   52.431733347   56.203478891
    1.968731396   56.549855703   41.813917014
    2.052507200   59.409020148   26.338944969
    2.136283004   60.964983570   10.897824716
    2.220058809   61.267743011   -3.563399618
    2.303834613   60.395820519  -17.248050075
    2.387610417   58.369070679  -31.233955311
    2.471386221   55.124014590  -46.305942377
    2.555162025   50.637715621  -60.396788548
    2.638937829   45.142613850  -69.584084251
    2.722713633   39.208311838  -70.605069450
    2.806489437   33.515697905  -64.559413775
    2.890265241   28.422061645  -57.324533164
    2.974041045   23.794039673  -53.916694691
    3.057816849   19.309370034  -53.173026004
