#! FIELDS phi file.free der_phi
#! SET min_phi -pi
#! SET max_phi pi
#! SET nbins_phi  75
#! SET periodic_phi true
   -3.141592654   15.328215807  -50.209434604
   -3.057816849   11.614235428  -38.092961764
   -2.974041045    8.911114830  -27.223331832
   -2.890265241    6.865077305  -22.885803989
   -2.806489437    4.922587246  -24.020522724
   -2.722713633    2.858671081  -24.530521575
   -2.638937829    1.014023870  -18.186183836
   -2.555162025    0.000000000   -5.312816077
   -2.471386221    0.145045173    8.230672623
   -2.387610417    1.199808416   15.598600915
   -2.303834613    2.549541954   15.463303192
   -2.220058809    3.682889465   11.413222554
   -2.136283004    4.476854116    7.932252563
   -2.052507200    5.037703095    5.290385407
   -1.968731396    5.327031354    1.089889504
   -1.884955592    5.123665160   -6.127320294
   -1.801179788    4.319615926  -12.637069936
   -1.717403984    3.155916573  -14.192655538
   -1.633628180    2.087992622  -10.818714260
   -1.549852376    1.383324791   -6.224904163
   -1.466076572    1.012670425   -2.833490518
   -1.382300768    0.908317167    0.527391661
   -1.298524963    1.185536896    6.698050532
   -1.214749159    2.095134482   15.158509011
   -1.130973355    3.707575044   23.002842797
   -1.047197551    5.879837907   28.453487597
   -0.963421747    8.430270309   32.434611648
   -0.879645943   11.345102636   37.292140934
   -0.795870139   14.712751239   43.074757399
   -0.712094335   18.520120034   47.409021123
   -0.628318531   22.544130139   47.875590860
   -0.544542727   26.428991074   44.157116737
   -0.460766923   29.864286103   37.615448693
   -0.376991118   32.700109806   29.980260504
   -0.293215314   34.874646999   21.937128903
   -0.209439510   36.341579313   13.076707283
   -0.125663706   37.077614304    4.537124096
   -0.041887902   37.146370686   -2.577168252
    0.041887902   36.678283100   -8.371462842
    0.125663706   35.750703130  -13.902761682
    0.209439510   34.292920833  -21.338644547
    0.293215314   32.113108647  -31.079567234
    0.376991118   29.062564832  -41.591139846
    0.460766923   25.211586955  -49.497725349
    0.544542727   20.927450020  -51.670215039
    0.628318531   16.760035998  -46.696614248
    0.712094335   13.242038286  -36.672194618
    0.795870139   10.645660830  -25.586521986
    0.879645943    8.890658776  -16.921836842
    0.963421747    7.754273527  -10.370303149
    1.047197551    7.174722729   -3.044707001
    1.130973355    7.364254429    8.352616978
    1.214749159    8.689430361   24.063989908
    1.298524963   11.475858701   42.774293695
    1.382300768   15.884770671   62.367392193
    1.466076572   21.850078373   79.394164351
    1.549852376   28.998357305   89.716422267
    1.633628180   36.573465367   89.107898490
    1.717403984   43.603666247   77.009383950
    1.801179788   49.280790246   57.768448595
    1.884955592   53.261483930   37.618936673
    1.968731396   55.689174188   21.210086674
    2.052507200   56.969008839   10.132082819
    2.136283004   57.502649655    3.063498425
    2.220058809   57.522761946   -2.633584150
    2.303834613   57.031171620   -9.546712172
    2.387610417   55.836132267  -19.567352159
    2.471386221   53.644259821  -33.183889113
    2.555162025   50.259319529  -47.437112614
    2.638937829   45.786625185  -58.419763520
    2.722713633   40.635458634  -63.477293981
    2.806489437   35.298183183  -63.413740518
    2.890265241   30.047085555  -61.930678429
    2.974041045   24.904161681  -60.855246358
    3.057816849   19.899550141  -57.999146852
