#! FIELDS phi file.free der_phi
#! SET min_phi -pi
#! SET max_phi pi
#! SET nbins_phi  75
#! SET periodic_phi true
   -3.141592654   15.954213767  -48.255803186
   -3.057816849   12.312227001  -38.356325439
   -2.974041045    9.519392919  -28.768500434
   -2.890265241    7.368706845  -23.407718525
   -2.806489437    5.483079362  -22.039859069
   -2.722713633    3.676186685  -20.627226490
   -2.638937829    2.163326399  -14.565273557
   -2.555162025    1.364684719   -4.014988740
   -2.471386221    1.500120198    6.766207991
   -2.387610417    2.337698304   12.055827983
   -2.303834613    3.335253493   10.778300216
   -2.220058809    4.047177849    6.087807441
   -2.136283004    4.372046119    2.075085660
   -2.052507200    4.429373067   -0.766486069
   -1.968731396    4.228350476   -4.382894578
   -1.884955592    3.628295315   -9.962381585
   -1.801179788    2.599225682  -14.096034454
   -1.717403984    1.413777790  -13.287425969
   -1.633628180    0.502165751   -8.111958748
   -1.549852376    0.068950629   -2.622299152
   -1.466076572    0.000000000    0.607105779
   -1.382300768    0.140497892    2.776635999
   -1.298524963    0.536685326    7.216983608
   -1.214749159    1.413873751   13.901903788
   -1.130973355    2.867619212   20.597544599
   -1.047197551    4.814130195   25.593911760
   -0.963421747    7.130824115   29.826142985
   -0.879645943    9.866911416   35.783569083
   -0.795870139   13.186562074   43.610653848
   -0.712094335   17.146371478   50.535681399
   -0.628318531   21.530504239   53.173695311
   -0.544542727   25.890588163   49.814706589
   -0.460766923   29.731367304   41.253024900
   -0.376991118   32.728417677   30.081673993
   -0.293215314   34.778351198   19.105346430
   -0.209439510   35.961815677    9.589294753
   -0.125663706   36.458422123    2.561380259
   -0.041887902   36.441807074   -2.817131532
    0.041887902   35.971029859   -8.592200149
    0.125663706   34.944579203  -16.293383072
    0.209439510   33.171433990  -26.346345473
    0.293215314   30.526336572  -36.726935680
    0.376991118   27.084359055  -44.784088724
    0.460766923   23.152508889  -48.041793874
    0.544542727   19.180762304  -45.979625334
    0.628318531   15.578301964  -39.454652540
    0.712094335   12.620285164  -30.951288675
    0.795870139   10.381106284  -22.874966535
    0.879645943    8.728553616  -17.075515664
    0.963421747    7.487109698  -12.620326037
    1.047197551    6.657646702   -6.616724750
    1.130973355    6.528971334    4.549432722
    1.214749159    7.577800240   21.492587324
    1.298524963   10.227904196   42.041453068
    1.382300768   14.606443554   61.958277237
    1.466076572   20.448042118   76.279459877
    1.549852376   27.132652370   81.584029968
    1.633628180   33.822897535   76.449863245
    1.717403984   39.705750159   62.895138714
    1.801179788   44.260250074   45.566585332
    1.884955592   47.372535170   29.224771542
    1.968731396   49.256027384   16.514076238
    2.052507200   50.267057591    8.217108246
    2.136283004   50.723916958    3.097437252
    2.220058809   50.824224611   -0.638603649
    2.303834613   50.607469806   -4.816505487
    2.387610417   49.958187665  -11.141494384
    2.471386221   48.642121301  -20.783996330
    2.555162025   46.417479363  -32.542601446
    2.638937829   43.202015695  -43.860888594
    2.722713633   39.153061505  -52.078312111
    2.806489437   34.596044836  -56.117518942
    2.890265241   29.824096074  -57.435623873
    2.974041045   25.009530235  -57.241747969
    3.057816849   20.296548721  -54.712310408
