#! FIELDS phi file.free der_phi
#! SET min_phi -pi
#! SET max_phi pi
#! SET nbins_phi  75
#! SET periodic_phi true
   -3.141592654   23.771710634  -51.581182534
   -3.057816849   19.940310427  -39.255802479
   -2.974041045   17.215320583  -26.180573854
   -2.890265241   15.415981935  -17.840016853
   -2.806489437   14.054975246  -15.524560422
   -2.722713633   12.743273327  -15.786730406
   -2.638937829   11.498002089  -13.202654581
   -2.555162025   10.647595413   -6.568495455
   -2.471386221   10.420009972    0.757216604
   -2.387610417   10.629959236    3.153505526
   -2.303834613   10.781323172   -0.397347476
   -2.220058809   10.498339332   -6.254290604
   -2.136283004    9.793630713   -9.898998218
   -2.052507200    8.913199337  -10.991373962
   -1.968731396    7.945598495  -12.511677560
   -1.884955592    6.734845274  -16.601539127
   -1.801179788    5.170550791  -20.434251067
   -1.717403984    3.431003243  -20.260937387
   -1.633628180    1.905198690  -15.702225422
   -1.549852376    0.843893143   -9.823770129
   -1.466076572    0.234179127   -4.961251079
   -1.382300768    0.000000000   -0.567383781
   -1.298524963    0.200232385    5.796285977
   -1.214749159    1.022459678   13.934049804
   -1.130973355    2.542094002   22.210406663
   -1.047197551    4.710216708   29.384377170
   -0.963421747    7.453625712   36.202378792
   -0.879645943   10.807814099   43.959196827
   -0.795870139   14.823136491   51.651686362
   -0.712094335   19.370324854   56.173548698
   -0.628318531   24.070072735   54.974398688
   -0.544542727   28.418198998   47.881210071
   -0.460766923   31.989674343   37.070442266
   -0.376991118   34.603377509   25.369870616
   -0.293215314   36.278171974   14.972277822
   -0.209439510   37.155932953    6.439520701
   -0.125663706   37.432102720    0.480555452
   -0.041887902   37.284387017   -3.880683720
    0.041887902   36.761141496   -8.866408703
    0.125663706   35.730289826  -16.174614468
    0.209439510   33.973592042  -26.050319646
    0.293215314   31.364248681  -36.111573458
    0.376991118   27.996827770  -43.610690315
    0.460766923   24.180507246  -46.575129506
    0.544542727   20.314279378  -45.074257194
    0.628318531   16.726355617  -40.146883709
    0.712094335   13.625597981  -33.663616860
    0.795870139   11.086331761  -27.167013521
    0.879645943    9.043811999  -21.868201634
    0.963421747    7.426807189  -16.600153184
    1.047197551    6.327175890   -9.019970040
    1.130973355    6.063568064    3.640388189
    1.214749159    7.071504476   21.228339226
    1.298524963    9.689378131   41.388902700
    1.382300768   13.974414333   60.355801451
    1.466076572   19.645586697   73.882540107
    1.549852376   26.118179615   79.034376513
    1.633628180   32.610547574   74.354982041
    1.717403984   38.347026779   61.509033742
    1.801179788   42.813531311   44.820806787
    1.884955592   45.882418323   28.894907948
    1.968731396   47.748606292   16.401916157
    2.052507200   48.757540991    8.309062322
    2.136283004   49.239413253    3.661321677
    2.220058809   49.427290047    1.089308292
    2.303834613   49.448202112   -0.563294679
    2.387610417   49.323025565   -2.553228515
    2.471386221   48.966873312   -6.310406098
    2.555162025   48.205357329  -12.311717754
    2.638937829   46.836446136  -20.670717285
    2.722713633   44.689506807  -30.720360152
    2.806489437   41.680496172  -41.104690194
    2.890265241   37.827965191  -50.548680429
    2.974041045   33.287394974  -57.128986193
    3.057816849   28.413653865  -58.030533830
