#! FIELDS phi file.free der_phi
#! SET min_phi -pi
#! SET max_phi pi
#! SET nbins_phi  75
#! SET periodic_phi true
   -3.141592654   19.867448080  -50.472862590
   -3.057816849   16.163041523  -37.315203075
   -2.974041045   13.635736205  -23.436575928
   -2.890265241   12.086437462  -14.720825548
   -2.806489437   10.976752919  -12.764215973
   -2.722713633    9.855831688  -14.080958390
   -2.638937829    8.697847525  -12.825968163
   -2.555162025    7.829671813   -7.299642752
   -2.471386221    7.516162811   -0.478810780
   -2.387610417    7.623198945    2.038072299
   -2.303834613    7.707117255   -0.777014742
   -2.220058809    7.438371286   -5.473474285
   -2.136283004    6.859053354   -7.631747499
   -2.052507200    6.237878926   -7.025223116
   -1.968731396    5.669828962   -6.973877951
   -1.884955592    4.971990312  -10.035280660
   -1.801179788    3.966405200  -13.853526206
   -1.717403984    2.739534235  -14.783976506
   -1.633628180    1.597303316  -12.084273642
   -1.549852376    0.755343037   -8.145954898
   -1.466076572    0.223793555   -4.616845913
   -1.382300768    0.000000000   -0.443782383
   -1.298524963    0.241165955    6.814262788
   -1.214749159    1.208379693   16.373261898
   -1.130973355    2.973964556   25.430410521
   -1.047197551    5.382589351   31.544648064
   -0.963421747    8.193251290   35.382111292
   -0.879645943   11.321127470   39.379737618
   -0.795870139   14.817559464   44.110799172
   -0.712094335   18.674871704   47.577991704
   -0.628318531   22.671467048   46.983408280
   -0.544542727   26.402660474   41.197633603
   -0.460766923   29.466544264   31.603940001
   -0.376991118   31.672748422   21.158856124
   -0.293215314   33.061479385   12.454374864
   -0.209439510   33.831359602    6.518844242
   -0.125663706   34.245566545    3.751877429
   -0.041887902   34.506793906    2.535727618
    0.041887902   34.627416303   -0.113691672
    0.125663706   34.374930640   -6.642711654
    0.209439510   33.384628752  -17.599539094
    0.293215314   31.380701253  -30.311312094
    0.376991118   28.363715531  -41.004169317
    0.460766923   24.657140842  -46.282321391
    0.544542727   20.778460214  -45.405961299
    0.628318531   17.186595799  -39.741661552
    0.712094335   14.167589257  -32.097727158
    0.795870139   11.805973393  -24.454731165
    0.879645943   10.045555745  -17.746363118
    0.963421747    8.848176054  -10.662281071
    1.047197551    8.318915018   -1.479201094
    1.130973355    8.711040365   11.485899301
    1.214749159   10.330205015   27.640286696
    1.298524963   13.362436479   44.569094010
    1.382300768   17.719059718   58.619257977
    1.466076572   22.992270944   65.982267087
    1.549852376   28.541306549   65.080104868
    1.633628180   33.680529255   56.561544002
    1.717403984   37.894440565   43.609021158
    1.801179788   40.979845268   30.192916163
    1.884955592   43.021679130   19.101367607
    1.968731396   44.256298471   10.924326032
    2.052507200   44.941098389    5.795343387
    2.136283004   45.285613075    2.706735084
    2.220058809   45.426304800    0.816484556
    2.303834613   45.435205970   -0.602260221
    2.387610417   45.309363274   -2.553228515
    2.471386221   44.953211021   -6.310406098
    2.555162025   44.191695038  -12.311717754
    2.638937829   42.822783845  -20.670717285
    2.722713633   40.675844516  -30.720360152
    2.806489437   37.666833881  -41.104690194
    2.890265241   33.817252339  -50.486488111
    2.974041045   29.286852974  -56.918788031
    3.057816849   24.442576605  -57.499255005
