#! FIELDS phi file.free der_phi
#! SET min_phi -pi
#! SET max_phi pi
#! SET nbins_phi  75
#! SET periodic_phi true
   -3.141592654   13.832497047  -51.473359807
   -3.057816849    9.914675619  -41.982436158
   -2.974041045    6.812473254  -32.005440346
   -2.890265241    4.558120672  -21.906853406
   -2.806489437    3.106782637  -12.993844660
   -2.722713633    2.329631087   -5.925158475
   -2.638937829    2.066114568   -0.591733772
   -2.555162025    2.201183829    3.579462000
   -2.471386221    2.619471478    5.991147677
   -2.387610417    3.147235116    6.105259743
   -2.303834613    3.586543581    4.160096188
   -2.220058809    3.838296294    2.031951698
   -2.136283004    3.966718087    1.470334439
   -2.052507200    4.127390582    2.705815868
   -1.968731396    4.395089590    3.410982952
   -1.884955592    4.610531991    1.078613348
   -1.801179788    4.491570071   -4.311543235
   -1.717403984    3.863271351  -10.570202225
   -1.633628180    2.787416605  -14.543840819
   -1.549852376    1.550490859  -14.177129785
   -1.466076572    0.519869513   -9.774415881
   -1.382300768    0.000000000   -2.135357149
   -1.298524963    0.234231835    8.056508656
   -1.214749159    1.393639966   19.747863032
   -1.130973355    3.486813217   29.626154100
   -1.047197551    6.231400287   34.940224247
   -0.963421747    9.241256059   36.379184976
   -0.879645943   12.313017973   37.051214845
   -0.795870139   15.496392411   39.138829168
   -0.712094335   18.870283984   41.114302112
   -0.628318531   22.312729246   40.314948659
   -0.544542727   25.523166204   35.848905198
   -0.460766923   28.297972768   30.504920301
   -0.376991118   30.688896329   26.876478877
   -0.293215314   32.817364657   23.747423590
   -0.209439510   34.606431080   18.395734579
   -0.125663706   35.795898564    9.547018516
   -0.041887902   36.136104974   -1.649715955
    0.041887902   35.520234140  -12.849361427
    0.125663706   34.018496305  -22.654698792
    0.209439510   31.787274165  -30.331515881
    0.293215314   28.990901720  -36.077349711
    0.376991118   25.800734373  -39.708664820
    0.460766923   22.431853340  -40.189630844
    0.544542727   19.162165138  -37.310830026
    0.628318531   16.264209280  -31.568836076
    0.712094335   13.888989431  -25.259867361
    0.795870139   11.989221118  -20.405343091
    0.879645943   10.429913938  -16.798581801
    0.963421747    9.207605122  -11.935464541
    1.047197551    8.541029793   -3.277354899
    1.130973355    8.769152565    9.169322100
    1.214749159   10.152808636   24.182485763
    1.298524963   12.841220509   39.984924030
    1.382300768   16.805192310   54.223434633
    1.466076572   21.828793693   64.882698627
    1.549852376   27.534775079   70.487635366
    1.633628180   33.496439196   71.172464807
    1.717403984   39.368203331   68.546801650
    1.801179788   44.910854216   63.383141505
    1.884955592   49.890276814   54.807727252
    1.968731396   53.989058806   42.511090004
    2.052507200   56.953544333   27.987861813
    2.136283004   58.684420760   13.529179281
    2.220058809   59.254654843    0.407797923
    2.303834613   58.782565345  -11.660634087
    2.387610417   57.276482973  -24.397154232
    2.471386221   54.682356507  -37.558604833
    2.555162025   50.996256232  -50.152816378
    2.638937829   46.359283306  -60.020531123
    2.722713633   41.027057634  -66.568757332
    2.806489437   35.298544691  -69.626452172
    2.890265241   29.457821023  -69.297511026
    2.974041045   23.776838586  -65.920326946
    3.057816849   18.499880200  -59.682303145
