#! FIELDS time rct DeltaF_-50 DeltaF_-25 DeltaF_0 DeltaF_25 DeltaF_50 DeltaF_75 DeltaF_100 DeltaF_125 DeltaF_150 DeltaF_175 DeltaF_200
#! SET print_stride  100
                    100                      0   0.002572634118530292      1.074033365490029      6.477673950532945      16.02725365247693      32.09144536553843      57.34828494463492      92.35002587009444      137.1799105763027      191.8518193752123      256.3682298877719      330.7296008875219
                    200      -4.07183561946367  0.0001302566105353474     0.2908752923124943      4.507902471596105      9.933270807410283       17.5298358939819      32.08977650715505      48.31265984831988      64.74951469595543      79.18690679018992      98.19078745567948      118.7662604880915
                    300     -1.391547292874023   2.23483337250701e-05     0.2039496320205129      3.758678940888505      11.05255198425403      20.19190096287222      33.14503012695327        46.386205831675      62.33510849304062      78.71016785124003       96.6206107433637      115.6287026463634
                    400    -0.4893906390313431  1.039434930139158e-05      0.338057065258547       3.59045855324383       10.7110678332975      20.65980872335854      33.66836640190017      47.07935310340421      62.74276750583043      78.97206859670381       97.2937060367116      116.2886547298582
                    500     -0.720514635856332  8.559743440022532e-06     0.3353398077736444      3.489169603932554      10.22523556970198      19.97209739826039      32.78962244742052      46.75659057211528      62.58336106848171      78.80494577601507      96.72316415128017      114.9206721751752
                    600    -0.4522772377218304   6.15267275279495e-06     0.3632302088350443      3.476725398870305      10.27462367195214      20.13719395885438      32.80014712628162      46.84998146762265      62.54944953437567      79.13348403677669      97.01649550702869      115.1557852284317
                    700    -0.5127789657107314  5.254859071402221e-06     0.4074554513883783      3.470095742880786      10.21959308274401      20.16858167031605       32.6731098588409      46.64812692483807      62.22810966315963      78.87553417957946      96.57686860774406      114.8304346891069
                    800    -0.3456007790922989  4.213176921694441e-06     0.4697685829173781      3.613135004157283      10.41501990506038      20.40324394732336      32.72771458406063      46.68677093284588      62.37328808634553      78.99560199300126      96.56409826153366      114.9559473916997
                    900    -0.4167065240905893  3.793809593377911e-06     0.4467375324974036      3.549096695485797      10.27107681047867      20.13279679989834      32.50577811173726      46.56387052767414      62.26091363911971      78.91050363816454      96.35895257777176      114.8358022740631
                   1000    -0.3733314970784052  3.314599786610365e-06     0.4107267788197194      3.552420594387445      10.26625516029745      20.18086700427049      32.53648024212615      46.60831946831858      62.33810463865606      78.92287456324298      96.20039092783782      114.7434533624289
                   1100    -0.3832735354954529  0.0009654490915179759     0.4058869439656311      3.545251885749515      10.25177608483677       20.0854310744209      32.41470686274514      46.53918752025978      62.20401616448223      78.94783853599137      96.15669344911755      114.6635780069224
                   1200    -0.2494766606752886  0.0008318956627438334     0.4049229533338582      3.592348064501138      10.35308425376982      20.28133543923844      32.58294610224911      46.64486335106604      62.33861393056426      79.03751697186038      96.29881259813658      114.8107669449441
                   1300    -0.1958042766354562  0.0007463812443364745      0.382699098464478      3.578887504431189      10.37007458814941      20.37182397163908      32.64276843976636      46.69476251267875      62.35916613651079      79.06250016128763      96.39844733917076        114.88048670041
                   1400    -0.2382208942586071  0.0007008219691065404     0.3774882622612724      3.559460150411343      10.36380162168232      20.32128503499557      32.52895940088068       46.5448575656468      62.26060821338706      78.96471898148033       96.3278178316538      114.8115518099515
                   1500    -0.3045362339993114  0.0006683290536517268      0.374871782444346      3.543152772044361      10.31109846985395      20.20079605090801      32.40261235244809      46.38281495593115      62.16445410334352      78.83563948928789      96.19078530486861      114.6811562461893
                   1600    -0.2820626395399883  0.0006182021292527988     0.3663508019555963      3.538267037509211      10.34189813064162      20.19609547845489      32.37960228201429      46.31329572099519      62.11627239109799      78.90660327398214      96.23717500336879      114.7176373573348
                   1700    -0.2724505364223974  0.0005773547163118505     0.3673714717019018      3.563179505479835      10.38413021839876      20.22452791025026      32.36665417807644       46.2572001678131      62.10305187194309      78.80504919208026      96.21313138220056      114.7138698223301
                   1800    -0.3057396670037709  0.0005507106257713467      0.375685174859933      3.556081412481826      10.40309540671557      20.23401849933275      32.36209482122617       46.2166784986233      62.02595434057934      78.67385415696353       96.1371271390401      114.4489605686957
                   1900    -0.2588965091875534  0.0005104516278130628     0.3922777833138285       3.57265480539917       10.4144953083617      20.23669975525554      32.39673214269376      46.25784991363205      62.03953571030468      78.71789371248201      96.23886786635057      114.4922645370646
                   2000     -0.212256591324959   0.002173391773182509     0.4147114859913128      3.587394221034284      10.42551238414406      20.24044225707698      32.40157701761329      46.34213141910799      62.10405468667183      78.70783579561051      96.30049537552847      114.6180544987641
                   2100    -0.2678876229214825   0.002111318134598121     0.4036106469491301      3.561832374696354      10.37984994703177      20.16982744907024      32.28244689062051      46.22973228635554      62.03234974538923      78.61534609804781      96.18516201700253      114.5360793472577
                   2200    -0.3033277193573439   0.002039571889539341     0.4067938982493333      3.518308054644764      10.29466940599796      20.06135989123022      32.23798569933398       46.1861086056748      61.96875685844993      78.55810742348993      96.13781405876738      114.4682312783084
                   2300    -0.2398888893412545   0.001897960785479223     0.4179873322820777      3.493107167362703      10.26419545106986      20.12912807674304      32.31900029024884      46.28327319395338      62.02604027628424      78.65120956249078      96.24292427675495      114.5656524354886
                   2400    -0.1288640386745276   0.001736384210144367     0.4221653297022546      3.516940345760507       10.2974942606097      20.15450581588679      32.41889339258781       46.4364930994758      62.21665302816598      78.86058082578451      96.44038017154418      114.7478205597045
                   2500    -0.1039573780713362   0.001647502185815463     0.4205556446384949      3.492545581705218      10.28632964579927      20.16146955333054      32.42983176937836      46.44447658050157      62.23242347302129      78.89974267535838      96.51701902360212      114.8479168659859
                   2600    -0.1122229912420289    0.00158685897328309     0.4090342637155921      3.436002382127528      10.24915849689427      20.12299762002115      32.39718958694688      46.42879066529165      62.23815166551075      78.91371982136734      96.54675900944368      114.8562055360039
                   2700    -0.1150688497624952   0.001527573125371524     0.4040667426131632      3.402774631863874      10.25357061230016      20.10762813510357      32.37885250698375      46.42219070617798      62.20061356100078      78.89995561227771      96.56122321600873      114.8848301422078
                   2800   -0.06615225281763445   0.001442425513081217     0.4010481544493464      3.418074973073693      10.28335296212803      20.16120208700639      32.42975465077213       46.4623174390135       62.2445840896905      78.98502396145454      96.67027725388945       114.964511292614
                   2900   -0.08263583457696086   0.001400139088987675     0.4006816979231844      3.412128911738532      10.22983385760089      20.09324823699218      32.37948452974639      46.42298398030533      62.25196513130908      78.98845377686932      96.65434163324549       114.978068258768
                   3000    -0.0390579928218459    0.00132844289740426     0.4086445952902173      3.445123749413706      10.27525443595751       20.1739111326267       32.4640413818644      46.47545828067514      62.28009475801734      79.01673932539254       96.6952198163354      115.0262615937115
                   3100    0.01640375649427869   0.002757010501754986      0.415691202202731      3.463278489498963      10.32465948084322      20.24405695817496      32.51488141423155      46.52404385138971      62.38484339276096      79.10544082119328      96.77723477003374      115.1198561025253
                   3200    0.04514484576522642   0.002637473316141435     0.4123841849887009       3.48081811478539      10.34385131322824      20.25492833066158      32.54199508930895      46.56462598171603      62.42989231020137      79.16097817364626      96.83017162846018      115.1824819909893
                   3300    0.06856792011650069   0.002607352252477125     0.4245707045481826      3.491538286670571      10.33490983700171      20.24858471879087      32.58836222950543      46.60228403694797      62.46265817792968      79.21343316395887      96.87329068058372      115.2411997770106
                   3400    0.04750732316884321    0.00254977436494565     0.4309710862576354      3.499806508141307      10.32713990014091      20.22464565961077      32.57805055788116      46.58614529765396      62.39288507858426      79.16568358139442      96.86154195376881      115.2065143986491
                   3500    0.08982438571771099   0.002433114670375914     0.4263836338155581        3.4957917766928      10.34023395352285      20.25549462542606      32.60499606611769      46.65063716582249      62.45288169803605      79.26103930045439      96.95752746967273       115.315703985392
                   3600     0.1031714371928533   0.002350964467179071     0.4197755351479414      3.487955059237532      10.32754449316557      20.25883632151197      32.61124979774399      46.66904951526833      62.48542747578079      79.32404761236072       97.0031612453957      115.3527182796865
                   3700     0.1308445751183979   0.002582024445953838     0.4304634130825939      3.509421248808986       10.3558915429783      20.28719720200575      32.65117525772977      46.70071619801819      62.52016836716704      79.37167442378032      97.03853514153215      115.4144324796124
                   3800      0.142290160611407   0.003792244680538112      0.432419621801652      3.519806441407633      10.37059514421851      20.28069892910876      32.67778628201024      46.73884800543394      62.53885600068853      79.38033711921263      97.04430925794077      115.4609308312714
                   3900     0.1551119349068579   0.003673455658412087     0.4355013614626199      3.532086554220396       10.3702184288459       20.2743828877605      32.69937108347511      46.77997649732374      62.56514679776119       79.4125078513093      97.08304480166625      115.4763065376421
                   4000     0.1882476797947697   0.003531954274921428     0.4297764059899227      3.533788618483011        10.369634516907       20.3000653808868      32.72809296258922      46.82075003182663      62.63176526259907      79.50333599796811      97.17139560428431       115.553221460341
                   4100     0.1888517075651149   0.003459150015947154     0.4387354307677728      3.547328492599569      10.36945677734088      20.28491223678278      32.71862978457978      46.82581786841919       62.6380745636479      79.51997047667129      97.18326858776418      115.5719253453287
                   4200     0.1601513752494049   0.003413825423198211     0.4472086933475955      3.554115765666968      10.36948277068944      20.27120629766581      32.70333340446882      46.78894367009475      62.61166303317709      79.47551529806572      97.09320384875785       115.514214127226
                   4300     0.2125527418165947   0.005256613989812556     0.4561352278766047      3.587026989956895      10.39983041639595       20.3236349172861      32.76344128051936      46.87251980318488      62.69279440914639      79.56521094484806      97.18268154808081      115.6055171803995
                   4400     0.2841651472774495   0.005596246555641244     0.4731329085146027      3.635952398126562      10.46498106605717      20.40518545039998      32.85583561131142      46.97616346620472      62.79471013000401      79.68417047078287       97.2923480061359      115.7168351404624
                   4500     0.3838642591087909   0.005254438941830233     0.4870191882403389      3.684926779198936      10.54592702668492      20.52994592127894      33.00469557727527      47.12941142421047      62.95058871228571      79.83571710998532      97.43977954746286      115.8677237694878
                   4600     0.4283900084832455   0.005959671588517715     0.4953123114536471      3.703380141856818      10.59771608342436      20.58024945547173      33.05864666583036      47.18859593879524      63.02032150554443      79.92289549570269      97.53230882797953      115.9588681754352
                   4700     0.4769746439060265   0.005717403641271322     0.4980601776013514      3.735733091680828      10.64167962682281      20.64180468951658       33.1273506677535      47.26693233076892      63.10059365906486       80.0043408036549      97.62332012166495      116.0528092280755
                   4800     0.4776061049231403   0.005594228119346764     0.4936965487490501      3.729850398245195      10.63285165187694      20.63827615697629      33.13571061815882      47.27202016940248      63.11823200420471      80.03762074344824      97.65512725016357      116.0902019455018
                   4900     0.4650030666638258   0.005505354942074416     0.4921513982786099      3.728683297619046      10.62661210965596      20.62236164796441      33.11863284428411      47.25634194647643      63.13378208899663      80.03958564177172      97.64667044649589      116.0995196500843
                   5000     0.4571196151536772   0.005418314297618462     0.4925385350971991      3.731255659161511      10.63690735653016      20.61715540143947       33.0935180379338      47.25478243952719      63.13238701696815      80.04721852743545      97.65860166846117      116.1089601990666
                   5100     0.4621985541441035   0.005299041943158144     0.4855038067310153       3.72130399750675      10.64541382294814      20.62924399165385       33.1105925264696      47.28828607701343      63.15532822015624      80.06506902908041      97.68363482657522      116.1389010489959
                   5200      0.443341685724134   0.005234515390129524     0.4860953042825164      3.719307670981692      10.64990486886166      20.62032770926517        33.092760945986      47.27034919386131      63.13633506238896      80.03977168461689      97.66839374903276      116.1230418194299
                   5300     0.4376650582322461   0.005145476172512742     0.4859600919704423      3.714751194817377      10.64128351941692      20.62437984977503      33.10927722970353      47.28293879457694       63.1295362932054       80.0254852243955      97.66791394757129      116.1498829483585
                   5400     0.4147241846932722   0.005095003791414554     0.4823549611415999      3.703828354884878      10.62567717130504      20.60554556306512      33.08220266656592      47.26955575515733       63.0978846752111      79.98826073217688      97.66224299554072      116.1436417961793
                   5500     0.4342693617154756   0.004961505410757313     0.4887331853027033      3.714194019647969      10.63551730646057      20.61278507843184      33.10937888963275      47.31291942549612      63.13422752792893      80.03167687455939      97.71496356757561      116.2024505820676
                   5600     0.4599103062341155   0.004829589804181495      0.493190306492137      3.731726014327602      10.66290633936617      20.64481694617205      33.14191799401807      47.35592057142807      63.18349960513999      80.07609092797628      97.76687849286932      116.2646284377999
                   5700     0.4679809232449378   0.004731648978141199          0.49798825077      3.744776096565532       10.6732802260458      20.64374898232482      33.13962671370241       47.3756767968401      63.20061461280558      80.10553965692924      97.80507322307453      116.3074443662742
                   5800      0.499706224279628    0.00458977023183059     0.4965895583706477      3.745502657607234      10.68706063224765       20.6910416841168      33.19616802467414      47.43603809851028      63.26445471084428      80.16403208989516      97.86987955537872      116.3775253276179
                   5900     0.5097929685791891   0.004492358626135455     0.4960585807419417      3.745349630958142      10.69794886019393      20.70572820381466      33.21092696586545      47.44995863162063      63.28154269445756      80.19800926226739      97.91665292902239      116.4236836002466
                   6000     0.5118700177956976   0.004412483340940443     0.5008947803804156      3.760212209497953      10.71843827367108      20.71985728249751      33.20779539417196      47.45627052499783       63.2985447003072      80.20898362609817      97.92983442250501      116.4340372504498
                   6100     0.5086478829554679   0.004344503614415382     0.5010641303564514      3.756924184948893       10.7198186557561      20.72962779762087      33.22846092139758      47.46356552315999      63.30345670876459      80.20812704358741      97.92527470865902      116.4490065255956
                   6200     0.4866579713588747    0.00431110466636879     0.5001931291236739      3.753259598915714      10.70712121246422       20.7140929237958      33.21642078938779      47.45241929608753      63.29020532611547      80.17351997088093       97.8952614675347      116.4226024774885
                   6300     0.4982901003873896   0.004221772161275734     0.4992243230685486      3.758274479806313      10.71837156306665      20.72738797842087      33.24119528730162      47.48279527859249      63.32043205395971      80.19875690173396      97.92996164366043      116.4567732343288
                   6400     0.5106132493058501    0.00413422220199139     0.5003253302750889      3.773769872710469      10.73228810248938      20.73666224777042       33.2538907156128      47.50694920988386      63.35561396730463      80.23242411541482      97.95708982557557      116.4999383373741
                   6500     0.5040610233852716   0.004080295304881693     0.4973957677250702      3.763929556593244      10.71590468525467      20.71483991246392      33.24959067968903      47.51759879199042      63.36491083773565      80.25211436862071      97.97360804015329      116.5062450971021
                   6600     0.4940269997925156   0.004033687459964442     0.4934526162185613      3.761916108549009      10.71196196332937      20.69571632659093      33.23129211959075      47.51495743123046      63.36629068854982      80.26186508466583      97.98471916930504      116.5013777097411
                   6700     0.4824300051971024   0.003991058971449672     0.4896953881773636      3.761956896458845      10.70611202102845      20.69095185727927      33.22730897444256      47.50753035014171      63.35896004423468      80.25729095603886      97.97316011169021      116.4977099481907
                   6800     0.4737343779252479   0.004405500866278523     0.4930399274287973      3.764205918439177      10.69905233339425      20.67305038607928      33.22786047909194      47.50617619728789       63.3507770261678      80.25645130580889      97.97304260718562      116.5029329410266
                   6900     0.4531730992817913   0.004376627531421436     0.4914382089360273      3.753146697042664      10.68194443978694      20.65405430759133      33.21136900771182       47.4834147187426      63.32497906220779      80.24099615605002      97.95378241833458      116.4948179558553
                   7000      0.442138106050095   0.004332292815070959     0.4914066934153464      3.748847264275881      10.66736468673779      20.64066531836452      33.19978116795502      47.47384163720231      63.32681397686416      80.23760171237454      97.94981739913651      116.4980515623101
                   7100     0.4426131123586767   0.004269544917213986     0.4947246377745162      3.757337950215705      10.68070477814706      20.64982430843258      33.21095677523199       47.4802491687088      63.32600838278438      80.23952411451364      97.94857584569154      116.5155037445093
                   7200     0.4472242530715921   0.004201587207805715     0.4938202026972451      3.767483547975158      10.69160574516218      20.65149810299944      33.20953711953613      47.48887918083022      63.34206136072827      80.26012284312685      97.97511036481049       116.537296220019
                   7300     0.4484987607736548   0.004141073225355624     0.4930503113010208      3.764873618419374      10.69341378729563      20.65835328403622      33.21527632803117       47.5037636490141      63.35742148637965      80.26518967159126      97.97820690549138      116.5653574307875
                   7400      0.437645387861143   0.004617344343886417     0.4938329682172509      3.759095170050386       10.6889229741854      20.65728077792733      33.20566010076954      47.49432927448984       63.3406848285703      80.25509078020652      97.98167686384978      116.5604083635003
                   7500     0.4314737698526502   0.004566193479808454     0.4937225548330518      3.755378415296743      10.67592277630455      20.64802321390271      33.20891390750728       47.5028047278152      63.32968357217987      80.25814747947749      97.98914735299826      116.5668991451447
                   7600     0.4093834526656087   0.004545377182895546     0.4932714995997745      3.754694608118065      10.66775623809714      20.62534255925909       33.1752976724021      47.46627253629664      63.31128145345956      80.23316012924677       97.9768214439615      116.5390453769929
                   7700     0.3974448730293422   0.004507063499451171     0.4954582764302481      3.753266408626659        10.662372804527      20.61380921617474      33.16321657916279      47.45805195936207      63.30110724671751      80.22166161925374      97.96098923863043      116.5360266818639
                   7800     0.3980215153250946   0.004447456387225901     0.4947210260540876      3.748147045589394      10.66503346963404      20.62119204905315      33.17739103009566      47.46804526396073       63.3057802303566       80.2331293435188      97.97457013822927      116.5373583364126
                   7900     0.4147373166945436   0.004361045324303237      0.492812559622378      3.740386910896277      10.66520192724249      20.63404635655539      33.20524147328542      47.50114397215792      63.34295040437954      80.27630937461666      98.01842294305287      116.5860465759945
                   8000     0.4358336596941743   0.004269506920131852     0.4948484595158525      3.741352556846905      10.68122338721535      20.65818388209052      33.23367901013332      47.53809622617499      63.39003297202181      80.32268805502255      98.06140975683104      116.6282031115034
                   8100     0.4536308697888291   0.004186099481809015     0.4956271201251104      3.747037196466068      10.69068904611728      20.67362604524099      33.25477158478358      47.57489859679506       63.4254862945379       80.3631291730556      98.10360010946103      116.6728987521768
                   8200     0.4507704466981724   0.004139130599790065       0.49446613671233      3.745270646624648      10.69089567949822      20.67010341882528       33.2531212047713      47.57754453372476      63.43055599167486      80.35721607735294      98.11457774991463      116.6931850956081
                   8300     0.4520062723604713   0.004086591291470975     0.4938556816890829      3.738281003595319      10.68756174403692      20.67442380662433      33.26576781081205      47.58219945058259      63.43601485498996      80.37117006088725      98.13169385524756        116.71482971471
                   8400     0.4453661332377568   0.004048092063918198     0.4922970192880517      3.732435352072478       10.6740935576716      20.66156044344789      33.25576941149103      47.57583616759623      63.43499154192197      80.38027047522736      98.14410262199119       116.726241617601
                   8500     0.4535438939869452   0.004019024573321519     0.4951280651003667      3.735695495771831       10.6880831827825       20.6798354334675      33.27282856104748      47.59638732073674      63.44486388108398       80.3997530053809      98.16679527061656       116.742374267264
                   8600      0.443969996410797   0.003986995758821963     0.4957670346873828      3.735479694110767      10.69036863803583      20.68628589613997      33.27014758698363      47.58457893093694      63.42040528154605      80.39068482138539      98.15860713830497      116.7376609075906
                   8700     0.4549643877416437    0.00392325953399047     0.4952691689733715      3.736536030761223      10.69718980991099       20.7057138599973      33.28777310772056       47.6086398605557      63.44593655914885      80.41197648861461      98.18543390027399      116.7694984157181
                   8800     0.4728074836948005   0.003850470357513736     0.4938691534988868      3.740551442274013      10.70705512534479      20.72676798720365      33.32011080032726      47.64071557266658      63.48283697195329       80.4538171385576      98.22483150207479      116.8034169546298
                   8900     0.4815387875273728   0.003793374648075122     0.4913942017106404      3.741381332125401      10.71423396506737      20.74234172605027      33.33304475270828      47.65383598307628      63.50330240807529      80.47223017978079      98.25545873639078      116.8375319278372
                   9000     0.4713793223291344   0.003766044645983507     0.4894596691216276      3.737818678142955      10.70748454594921      20.73169302851776      33.31763285836045      47.64389821631388      63.49221627110545      80.46827691204444       98.2558749733808      116.8428331440476
                   9100     0.4682934740954021    0.00372878672913889     0.4884925168972934      3.737439091356229      10.71492527062635      20.73830781351054       33.3187715878066      47.64739115164291      63.49585412348338      80.46295789413335      98.25597343730303      116.8460570477364
                   9200     0.4734472537926644   0.003680167831509437     0.4914175376800307      3.743774642005469      10.72176844837822      20.75269658218897      33.32906739367515      47.65656469844499      63.50541186992478      80.47613026110621      98.27665536530574      116.8616851544412
                   9300     0.4829834618081197   0.003626240850719499     0.4922709118622876      3.748219035313203      10.72425300743549      20.76698545909845      33.34645743392065      47.67577358996252      63.52625542328801      80.49645383287697      98.30499280222639      116.8909612476978
                   9400     0.5023362573220663    0.00355948089808532     0.4943975059958213      3.756554602100498       10.7366436092899      20.78749018758724      33.37662251482017       47.7120630184595      63.56317833934166      80.53292553069602      98.34541190765567      116.9333320343539
                   9500     0.5098944012996354    0.00356563200651764     0.4914262211956955      3.750215020465983      10.73300875922182      20.79432434683522      33.39872812208373      47.73238940681569      63.58732735476947      80.55719439538676      98.36997100111505      116.9609521578093
                   9600     0.5263626104726969   0.003522890594809598     0.4963452169302849      3.757075583067968      10.74825815517517      20.81677107535593      33.42745698383204      47.76028896088534      63.61489340480468      80.58934368792102      98.40414569309921      116.9965218282878
                   9700     0.5223930251921793   0.003494035982760616     0.4957022162505462      3.758505353495357      10.74276362586761      20.80429287199338      33.42107671841311      47.75741645124976      63.61951864143261      80.59421764806007      98.41443389417506      117.0140860484968
                   9800     0.5513783849584256   0.003422438866457762      0.499276679923312      3.772420769891009      10.77610591730105      20.84856842756574      33.46528541406681      47.80502967055695      63.66369410082076      80.63802728669056      98.46117689247279      117.0660111527472
                   9900     0.5563587867811921   0.003380734275931493     0.4988385963826172      3.770708564068939      10.77140320702924      20.85318972268438      33.47475558919044      47.81559428698667      63.68246535332416      80.66045695032905      98.48445746317346      117.0950079081101
                  10000     0.5598323907767084   0.003347435053360263     0.4999799205492935      3.779366762926794      10.77663637387857      20.85876379977907      33.48864761530163       47.8194719677658      63.68834165147414      80.67326791343901      98.49864813018482      117.1175661544148
