#! FIELDS time phi psi ene opes.bias opes.rct opes.zed opes.neff opes.nker
#! SET min_phi -pi
#! SET max_phi pi
#! SET min_psi -pi
#! SET max_psi pi
 0.000000 -2.36867 2.64432 -41.4583 -40 -40 1 1 0
 1.000000 -1.69651 2.16136 -30.7511 -40 -40 0.472044 1 1
 2.000000 -2.80338 0.436286 -7.38538 -31.9238 -34.4756 0.454866 1.00001 2
 3.000000 0.938017 -0.278444 -21.8733 -40 -35.104 0.303646 1.00001 3
 4.000000 0.836378 -0.960129 -8.57642 -5.44908 -9.4635 0.327583 1.22224 3
 5.000000 1.17777 -1.01408 -40.0956 -0.721442 -4.8415 0.320729 2.20201 4
 6.000000 1.15269 -0.965758 -45.4277 2.63675 -1.56394 0.33396 2.27891 4
 7.000000 -1.33858 0.273765 -32.9544 -39.01 -1.89701 0.267168 2.27891 5
 8.000000 -0.901124 2.18298 -20.1915 -39.4766 -2.1908 0.22264 2.27891 6
 9.000000 -2.78924 0.145663 6.22232 -29.6164 -2.4536 0.22264 2.27891 6
 10.000000 -1.316 0.742886 17.2888 -35.2196 -2.69134 0.22264 2.27892 6
 11.000000 -1.86176 1.22128 -14.3423 -36.8917 -2.90837 0.22264 2.27892 6
 12.000000 -1.30164 1.29921 -36.9769 -31.7603 -3.10802 0.22264 2.27892 6
 13.000000 -1.85326 1.20059 -19.0148 -33.1104 -3.29287 0.22264 2.27892 6
 14.000000 -1.21571 1.38715 -44.1956 -28.73 -3.46496 0.22264 2.27893 6
 15.000000 -1.81044 1.18246 -6.80548 -29.6984 -3.62593 0.22264 2.27894 6
 16.000000 -1.66035 1.14692 -10.6508 -27.0355 -3.77714 0.22264 2.27896 6
 17.000000 -1.33417 0.945316 -25.0631 -25.0609 -3.91968 0.22264 2.279 6
 18.000000 -1.61644 1.07274 -41.8899 -22.9937 -4.05448 0.222641 2.27909 6
 19.000000 -1.14166 0.703324 -19.8412 -22.9247 -4.18235 0.222641 2.27919 6
 20.000000 -1.1217 0.735796 -44.808 -19.9223 -4.30383 0.222646 2.27952 6
 21.000000 -1.2646 0.550875 -30.3973 -17.4495 -4.41925 0.222649 2.2804 6
 22.000000 -2.35514 2.38657 -36.7447 -32.3452 -4.53013 0.190842 2.2804 7
 23.000000 -2.40768 2.34104 -38.8506 -28.3822 -4.63628 0.190842 2.28041 7
 24.000000 -2.18111 2.6009 -38.5422 -26.231 -4.73808 0.166988 2.28044 8
 25.000000 -2.77435 2.76144 -27.1431 -25.3524 -4.83589 0.166987 2.28047 8
 26.000000 -2.71163 2.89023 -44.1873 -21.8962 -4.92992 0.166988 2.28062 8
 27.000000 -2.09651 -3.12693 -39.8061 -22.6754 -5.02056 0.166988 2.28073 8
 28.000000 -2.6765 2.59384 -38.6503 -18.5731 -5.1077 0.166991 2.28129 8
 29.000000 -1.88919 2.76988 -25.2515 -19.7344 -5.19202 0.148448 2.28165 9
 30.000000 -2.19083 2.82468 -26.1183 -17.8288 -5.27328 0.148462 2.2824 9
 31.000000 -1.66397 3.002 -24.3386 -16.6092 -5.35162 0.148475 2.28364 9
 32.000000 -0.335624 -0.169602 -21.9849 -37.5504 -5.42838 0.133628 2.28364 10
 33.000000 -0.56287 0.162483 -15.4911 -27.2555 -5.50283 0.12148 2.28365 11
 34.000000 -1.69504 1.41902 -12.0688 -12.8395 -5.57126 0.121546 2.28925 11
 35.000000 -1.43412 1.92257 -27.0512 -11.1668 -5.63398 0.111705 2.30019 12
 36.000000 -1.94232 2.46688 -30.116 -10.8569 -5.6938 0.111877 2.3126 12
 37.000000 -2.3544 2.42121 -19.4911 -12.6774 -5.75622 0.121909 2.31861 11
 38.000000 -2.66015 2.17837 -12.0437 -12.0836 -5.81583 0.121916 2.32624 11
 39.000000 -2.66058 2.5183 -21.8232 -8.6509 -5.85854 0.121905 2.35639 11
 40.000000 -0.584727 2.06571 -11.5258 -22.875 -5.92006 0.121906 2.35649 11
 41.000000 -1.41425 1.44952 -35.4401 -7.84224 -5.95217 0.122701 2.39838 11
 42.000000 -1.27429 1.57558 -49.0089 -5.44321 -5.93908 0.134062 2.5077 10
 43.000000 2.72668 2.87855 20.9051 -34.916 -5.99642 0.121875 2.5077 11
 44.000000 -1.40989 -0.197774 -19.0283 -2.40754 -5.82426 0.123281 2.86425 11
 45.000000 2.94573 2.96188 -14.9526 -22.5476 -5.87901 0.113009 2.86438 12
 46.000000 -0.609498 -0.636683 5.46201 -18.141 -5.93226 0.113015 2.86512 12
 47.000000 -1.28321 1.6548 -35.0703 0.244813 -5.42187 0.113184 3.7152 12
 48.000000 -1.79663 2.32865 -40.1625 -5.31791 -5.4197 0.120363 3.84804 11
 49.000000 -0.845626 0.675059 -6.96463 -5.81165 -5.42697 0.119832 3.95937 11
 50.000000 -1.66545 0.999214 -37.4337 -1.28341 -5.22661 0.122868 4.55553 11
 51.000000 -1.89217 1.10628 -23.9282 -1.18814 -5.03961 0.12221 5.19415 12
 52.000000 -2.36342 2.75473 -30.5692 -8.12311 -5.07323 0.122199 5.2443 12
 53.000000 -2.84111 2.83396 -54.8438 -8.02495 -5.10548 0.11333 5.29669 13
 54.000000 -2.79946 -2.68191 0.49231 -5.2125 -5.10739 0.121836 5.45538 12
 55.000000 -2.17772 0.592075 -25.0478 -3.60154 -5.07074 0.116241 5.75136 13
 56.000000 -2.38146 1.0656 -16.3504 -3.3717 -5.02838 0.117084 6.08039 13
 57.000000 -1.40281 1.94028 -36.935 1.86677 -4.45915 0.119259 6.90075 13
 58.000000 -2.61549 2.8773 -40.3766 -3.34645 -4.43549 0.114433 7.2122 14
 59.000000 -2.23365 2.82718 -31.1329 -1.37592 -4.33728 0.117514 7.83383 14
 60.000000 -2.10716 2.76536 -38.206 0.0629399 -4.14697 0.12117 8.74679 14
 61.000000 -2.81583 3.04966 -26.1778 -2.93722 -4.12198 0.121521 9.13279 14
 62.000000 -2.59516 2.66368 -19.0859 -1.35362 -4.04273 0.123618 9.79359 14
 63.000000 -2.28709 2.1827 -37.7992 0.893806 -3.8108 0.124677 10.7921 13
 64.000000 -1.60566 2.57756 -15.6773 1.00488 -3.5943 0.130068 11.7856 13
 65.000000 -1.1569 0.0472649 -30.743 0.201977 -3.4625 0.131939 12.7396 14
 66.000000 -2.61443 -3.04694 -39.2773 -0.376593 -3.37307 0.132822 13.6047 14
 67.000000 -2.0944 1.70988 -18.8396 1.34232 -3.17492 0.135039 14.5389 14
 68.000000 -3.05425 -2.63661 -1.36902 -6.18922 -3.2004 0.126688 14.6567 15
 69.000000 0.328733 -0.815225 -18.2132 -14.4482 -3.23589 0.118784 14.6612 16
 70.000000 0.991935 -0.403463 -39.7839 0.422005 -3.12143 0.122863 15.6432 15
 71.000000 0.517853 -0.0329066 9.11563 -9.37198 -3.15345 0.115344 15.6772 16
 72.000000 1.13266 -1.26711 -20.1377 2.18914 -2.90903 0.113951 16.1863 16
 73.000000 0.936779 -0.900775 -17.9575 1.8243 -2.72488 0.122702 17.0319 17
 74.000000 0.984212 -1.02547 -23.562 2.91568 -2.45422 0.112282 17.0345 16
 75.000000 0.64899 -0.363834 -36.4248 -2.60346 -2.45613 0.108437 17.4066 17
 76.000000 1.1843 -0.878794 -34.2209 3.37199 -2.17041 0.106832 17.1298 17
 77.000000 -1.35002 -0.117244 -6.65005 1.28267 -2.07651 0.108187 18.1114 17
 78.000000 -1.31974 0.701491 -40.5239 1.97781 -1.95089 0.110258 19.0915 17
 79.000000 -1.90111 2.79202 -18.8369 -0.492826 -1.92625 0.110408 19.7604 17
 80.000000 -2.39594 -2.90517 -21.599 0.0025473 -1.89057 0.110966 20.5342 18
 81.000000 -2.79405 2.39845 -14.4931 -2.12937 -1.89335 0.111271 20.9342 18
 82.000000 3.12562 2.90714 -15.5855 -8.0941 -1.92105 0.111147 20.9752 18
 83.000000 -1.74346 2.49302 -29.7402 -0.180383 -1.89126 0.111267 21.7231 18
 84.000000 -2.73395 2.13266 -14.1335 -0.893728 -1.87687 0.11248 22.3365 18
 85.000000 -1.09634 1.76452 -31.6708 -0.339899 -1.85228 0.110968 23.0634 18
 86.000000 -0.696916 -0.333709 24.5953 -9.22176 -1.87961 0.117215 23.0905 17
 87.000000 -1.23146 0.979724 -37.3696 1.84198 -1.7838 0.120648 24.0687 17
 88.000000 -1.47877 1.44611 -23.6003 1.62154 -1.70337 0.128738 25.0666 18
 89.000000 -1.48971 1.22057 -20.988 1.95011 -1.61284 0.129837 26.0317 18
 90.000000 -1.51921 1.4245 -18.7492 2.21379 -1.51508 0.130837 26.9395 18
 91.000000 -2.73173 3.02583 -18.5762 -0.962488 -1.50837 0.131361 27.5347 18
 92.000000 -0.10243 1.3678 -8.86154 -28.8083 -1.53533 0.124447 27.5347 19
 93.000000 -0.123308 0.343168 16.2029 -27.2654 -1.56201 0.124447 27.5347 19
 94.000000 -1.09014 -0.0630561 -14.3585 0.393352 -1.53096 0.123246 28.399 19
 95.000000 -2.56118 -2.98375 -26.7728 -0.689223 -1.52055 0.123557 29.054 19
 96.000000 -2.71388 2.39898 -23.0647 -0.0646218 -1.50025 0.124346 29.8375 19
 97.000000 -2.8484 2.44235 -27.8911 -0.911149 -1.49348 0.123957 30.4578 19
 98.000000 2.89056 2.66423 -19.2069 -14.491 -1.51867 0.130822 30.4612 18
 99.000000 -2.73794 3.10749 -19.9023 0.569061 -1.48622 0.131304 31.3712 18
 100.000000 -3.00725 2.87637 -21.0135 -4.03143 -1.50206 0.131685 31.5813 18
 101.000000 -2.57407 2.80558 -14.5368 0.206963 -1.47811 0.132001 32.4304 18
 102.000000 -1.53142 2.29182 1.71127 2.26494 -1.39512 0.133107 33.2788 18
 103.000000 -1.93085 2.41618 -29.6835 -0.787749 -1.38852 0.132941 33.9269 18
 104.000000 -2.58355 2.32484 -29.8253 0.612921 -1.35945 0.133407 34.8473 18
 105.000000 -2.34574 2.82248 -22.3006 -0.216416 -1.34581 0.133566 35.6151 18
 106.000000 -2.38608 3.02299 -31.3659 0.230595 -1.32535 0.13367 36.4738 18
 107.000000 -2.21324 3.07667 -8.11395 0.382291 -1.30275 0.133953 37.3632 18
 108.000000 -2.54113 3.02834 -33.1959 0.855392 -1.27147 0.134246 38.3274 18
 109.000000 -2.49936 2.8804 -19.0733 1.14428 -1.23469 0.135122 39.3199 18
 110.000000 -2.41934 2.80576 -35.634 1.2783 -1.19592 0.136128 40.3187 18
 111.000000 -2.36334 2.81788 -26.8785 1.4573 -1.15402 0.136391 41.3173 18
 112.000000 -2.81521 2.92677 -21.5851 0.0176128 -1.14083 0.135884 42.1439 18
 113.000000 -2.61996 2.99124 -7.23987 1.58449 -1.09783 0.136379 43.1347 18
 114.000000 -2.03645 1.82722 -6.54099 -0.346322 -1.09022 0.136456 43.8907 18
 115.000000 -1.77732 2.38564 -35.306 -0.812357 -1.08768 0.135578 44.5568 18
 116.000000 -1.9125 -0.113402 1.71701 -0.335384 -1.08019 0.135464 45.3205 18
 117.000000 -1.31688 0.86775 -6.75403 1.6171 -1.03933 0.135843 46.3047 18
 118.000000 -0.231261 -0.226049 -3.96533 -23.8092 -1.06038 0.135842 46.3048 18
 119.000000 -1.49693 2.63404 -36.632 2.20141 -1.00493 0.136385 47.1354 18
 120.000000 -1.6243 1.92068 -17.394 1.30328 -0.973734 0.138545 48.1349 18
 121.000000 -1.23207 0.752026 -31.314 1.30608 -0.943369 0.138829 49.1345 18
 122.000000 -0.533522 1.65448 3.10306 -13.1281 -0.963576 0.131547 49.1405 19
 123.000000 -1.75258 2.12775 -20.654 0.230833 -0.951251 0.130999 50.01 19
 124.000000 -1.80699 0.659269 -23.2224 0.317673 -0.938053 0.131753 50.8974 19
 125.000000 -3.02844 -3.03133 -16.4826 -4.51802 -0.953182 0.131743 51.08 19
 126.000000 -2.78398 3.00978 -20.6458 0.606465 -0.936178 0.131485 52.0176 19
 127.000000 -1.46163 2.17751 -26.2036 2.55954 -0.877228 0.13223 52.6227 19
 128.000000 -1.79685 2.29267 -13.8228 0.656079 -0.860863 0.133164 53.5618 19
 129.000000 -1.58449 0.915113 -53.2482 2.2447 -0.813857 0.136272 54.3866 19
 130.000000 -1.1768 1.6253 -34.1743 0.963898 -0.794141 0.137857 55.3627 19
 131.000000 -1.08987 0.358625 -26.0195 0.165263 -0.785293 0.137157 56.215 19
 132.000000 -2.53389 2.5024 -14.6882 1.43798 -0.758462 0.13742 57.2143 19
 133.000000 -0.649179 1.84107 -14.6263 -11.1929 -0.776861 0.137381 57.2272 19
 134.000000 -2.91374 -3.11982 -40.7138 -1.45464 -0.781261 0.134499 57.7686 20
 135.000000 -2.83929 2.71697 -20.5858 0.121501 -0.773275 0.135014 58.6162 20
 136.000000 -3.03162 2.56322 -16.575 -3.52873 -0.78548 0.135082 58.8792 20
 137.000000 -2.41587 2.94355 -37.9934 1.39892 -0.760291 0.135371 59.8787 20
 138.000000 -2.80393 3.03876 -28.9291 0.753208 -0.74536 0.13576 60.8344 20
 139.000000 -2.59996 -3.13838 -5.36649 1.66545 -0.716509 0.135703 61.8153 20
 140.000000 -2.61862 -3.10267 -41.4008 1.90039 -0.683904 0.135772 62.755 20
 141.000000 -3.021 2.52419 -24.1065 -2.93783 -0.694376 0.135936 63.0807 20
 142.000000 -2.34837 2.70807 -28.1183 1.201 -0.674604 0.135616 64.0772 20
 143.000000 -2.16031 2.73522 -40.1467 -0.0598206 -0.669768 0.135393 64.8916 20
 144.000000 -2.41671 2.66143 -43.1303 1.83377 -0.640212 0.135577 65.845 20
 145.000000 -1.90611 -0.00952389 -7.52106 0.0260355 -0.634987 0.135218 66.6761 20
 146.000000 3.05023 3.04945 -13.8067 -9.1881 -0.651459 0.128907 66.7052 21
 147.000000 -1.22602 -0.0567318 -0.319153 1.48224 -0.628771 0.129259 67.7019 21
 148.000000 0.403106 -0.741039 5.71039 -11.5686 -0.645358 0.129283 67.7132 21
 149.000000 1.15272 -1.11594 -20.2404 1.01286 -0.629708 0.128881 68.6979 21
 150.000000 0.562161 -0.611597 -15.9925 -7.43812 -0.645197 0.13507 68.7563 20
 151.000000 0.997433 -0.59163 -23.7919 1.02241 -0.629632 0.134777 69.7423 20
 152.000000 1.06307 -0.955823 -24.1946 1.61663 -0.605928 0.134356 70.7282 20
 153.000000 1.17166 -1.06021 -20.0322 1.4243 -0.585655 0.133981 71.7271 20
 154.000000 0.744667 -0.720495 -24.6107 -3.71748 -0.597189 0.134148 71.9732 20
 155.000000 1.0561 -0.717783 -46.2011 2.04815 -0.567183 0.1337 72.8668 20
 156.000000 1.20021 -0.816702 -7.9379 1.55266 -0.545995 0.13334 73.8599 20
 157.000000 1.03966 -0.499069 -20.1289 2.35699 -0.511469 0.13291 74.6224 20
 158.000000 1.4056 -0.649842 -3.25519 -3.34105 -0.522135 0.128054 74.9014 21
 159.000000 0.891465 -0.361697 -2.34109 0.556368 -0.513716 0.129493 75.8237 22
 160.000000 0.589028 -0.430195 -19.5793 -6.4267 -0.527801 0.12942 75.9097 22
 161.000000 0.846488 -1.31322 -30.8102 -0.202322 -0.525656 0.12807 76.6925 22
 162.000000 0.967403 -1.8722 9.30994 2.09082 -0.497434 0.128984 77.5787 22
 163.000000 -1.37393 2.05843 -25.7057 1.91489 -0.47276 0.129735 78.521 22
 164.000000 -2.50282 -3.12591 -19.1911 1.89404 -0.448947 0.130258 79.4702 22
 165.000000 -2.46059 3.04387 -37.972 2.07569 -0.422766 0.13118 80.3727 22
 166.000000 -3.00564 2.87821 -23.723 -2.79782 -0.431956 0.13136 80.7096 22
 167.000000 -3.04451 2.72655 -29.5493 -3.27214 -0.442068 0.131344 80.9935 22
 168.000000 -2.41766 3.09219 -11.6382 2.16509 -0.414999 0.131406 81.8658 22
 169.000000 -0.922105 1.19564 -25.0717 -4.61415 -0.426975 0.131675 82.0366 22
 170.000000 -1.27596 1.2465 -13.7722 1.68087 -0.407677 0.131684 83.0234 22
 171.000000 -1.33617 1.44644 -28.9495 2.07606 -0.383048 0.131853 83.9322 22
 172.000000 -1.44565 1.22071 -28.9449 2.24861 -0.3562 0.132297 84.7819 22
 173.000000 -1.29882 1.00185 -13.572 2.23739 -0.330123 0.132299 85.6428 22
 174.000000 -1.11953 1.06004 -35.7829 0.445748 -0.324928 0.132097 86.5328 22
 175.000000 -1.21218 0.905187 -23.9017 1.87204 -0.304985 0.132568 87.499 22
 176.000000 -1.13634 0.868452 -16.4807 1.19038 -0.293439 0.13265 88.489 22
 177.000000 -1.53864 1.2585 -12.7513 1.92586 -0.273418 0.132718 89.4459 22
 178.000000 -1.561 0.980797 -30.5224 1.96134 -0.253299 0.133031 90.3968 22
 179.000000 -1.04248 -0.251901 -20.7048 -0.445889 -0.254329 0.13249 91.1109 22
 180.000000 -1.29746 1.59549 -20.5475 2.51782 -0.226394 0.132393 91.8384 22
 181.000000 -1.35901 1.96979 -30.4186 2.72327 -0.195575 0.132695 92.4337 22
 182.000000 -1.17118 0.1212 -24.9573 1.91281 -0.177531 0.133578 93.4033 22
 183.000000 -0.940516 1.74164 -29.1223 -3.31673 -0.187255 0.133955 93.671 22
 184.000000 -1.4609 0.170991 -34.3375 2.6497 -0.158854 0.134258 94.3452 22
 185.000000 -2.84298 2.56974 -37.4899 -0.390755 -0.160044 0.134472 95.0564 22
 186.000000 -2.19403 2.75721 -28.6552 -0.581491 -0.162119 0.134391 95.7312 22
 187.000000 -1.99839 2.85982 -26.988 -1.05154 -0.166101 0.132328 96.3174 23
 188.000000 -1.57776 2.37583 -23.4576 2.02336 -0.14762 0.133812 97.2674 23
 189.000000 -2.32504 2.714 -26.5023 1.06301 -0.139432 0.133595 98.2392 23
 190.000000 -2.98223 2.58375 -37.3913 -2.33945 -0.147097 0.133837 98.6199 23
 191.000000 -0.753394 0.99118 -12.7668 -8.99056 -0.159746 0.128379 98.6493 24
 192.000000 -1.74413 1.2312 -26.7271 0.274171 -0.157291 0.127969 99.4962 24
 193.000000 -1.23437 0.94343 -45.3958 2.61513 -0.131214 0.128221 100.192 24
 194.000000 -1.64208 1.15308 -30.8548 1.57867 -0.118649 0.128254 101.192 24
 195.000000 -1.3165 1.32358 -25.6104 3.03632 -0.0864994 0.12815 101.527 24
 196.000000 -1.43166 1.13437 -17.2654 2.97578 -0.0561283 0.128616 101.969 24
 197.000000 -1.11397 0.593195 -21.7569 1.35635 -0.0465512 0.128313 102.96 24
 198.000000 -1.88522 2.87987 -26.7898 -0.561227 -0.0488892 0.128344 103.625 24
 199.000000 -1.80465 2.14288 -26.1277 0.11585 -0.0480379 0.128501 104.426 24
 200.000000 -2.20436 2.07675 -21.0289 -0.265473 -0.049074 0.128511 105.153 24
 201.000000 -1.90295 2.86859 -26.6374 -0.284923 -0.0501883 0.128565 105.876 24
 202.000000 -3.01324 2.75676 -33.5214 -2.73273 -0.0582971 0.128617 106.2 24
 203.000000 -3.0512 2.77172 -31.9256 -3.15153 -0.0670015 0.128588 106.479 24
 204.000000 -2.43368 2.57879 -40.9028 1.84878 -0.0529806 0.12869 107.465 24
 205.000000 -2.03643 2.51213 -17.1334 -0.809193 -0.0561493 0.128616 108.088 24
 206.000000 -1.98704 2.83932 -28.7444 -0.474996 -0.0580127 0.128736 108.776 24
 207.000000 -1.80524 2.27047 -27.1732 0.375769 -0.0557359 0.128821 109.634 24
 208.000000 -2.45125 2.5086 -29.5923 1.99745 -0.0405342 0.129084 110.596 24
 209.000000 -2.04787 2.90399 -7.51358 -0.489744 -0.0424925 0.129063 111.283 24
 210.000000 -1.94921 2.66335 -37.9155 0.00736661 -0.0422539 0.129373 112.07 24
 211.000000 -2.75308 2.82577 -36.6779 0.1968 -0.0410707 0.129442 112.896 24
 212.000000 -2.51984 2.84841 -20.8813 1.89149 -0.0274056 0.129783 113.874 24
 213.000000 -2.48342 2.62527 -30.4052 2.20245 -0.0106218 0.130668 114.784 24
 214.000000 -2.63341 2.2468 0.634857 1.28409 -0.00274001 0.130459 115.774 24
 215.000000 -0.932064 2.07868 -12.5011 -3.6378 -0.0116146 0.130547 116.008 24
 216.000000 -1.9569 2.28886 -21.9692 0.105678 -0.0110613 0.130761 116.815 24
 217.000000 -1.85084 2.49965 -34.441 0.441342 -0.00878693 0.130774 117.688 24
 218.000000 -2.13026 2.60395 7.96149 -0.480925 -0.0107518 0.13075 118.38 24
 219.000000 -2.04817 2.68448 -17.5474 -0.00391778 -0.0107207 0.130738 119.169 24
 220.000000 -2.16044 2.62701 -21.2787 -0.199271 -0.0115426 0.130693 119.919 24
 221.000000 -2.23195 3.00885 1.94131 0.241758 -0.0103419 0.130668 120.758 24
 222.000000 -2.24142 2.42209 -6.19962 0.501796 -0.00779389 0.130674 121.646 24
 223.000000 -2.23721 2.35195 -19.6191 0.662141 -0.00436533 0.130662 122.562 24
 224.000000 -1.51351 1.73912 -33.2906 2.48516 0.0145534 0.130626 123.338 24
 225.000000 -1.22696 1.57643 -33.2798 2.45908 0.0328574 0.130861 124.135 24
 226.000000 -1.3667 1.86135 -0.0428772 2.91175 0.0566038 0.131199 124.609 24
 227.000000 -2.55116 2.6008 -32.2617 1.98165 0.0693011 0.13118 125.576 24
 228.000000 -1.93421 2.61327 -38.1766 0.341592 0.0705572 0.131455 126.425 24
 229.000000 -2.57908 2.58297 -2.12589 1.93314 0.0825669 0.131293 127.4 24
 230.000000 -2.64776 2.22756 -18.6851 1.4011 0.0900772 0.131203 128.396 24
 231.000000 -2.2047 2.98759 -36.3622 0.514489 0.0920706 0.1311 129.278 24
 232.000000 -2.85044 2.11291 -9.78204 -0.667261 0.0892594 0.131219 129.93 24
 233.000000 -0.207343 1.561 -0.394806 -27.8165 0.0785771 0.131219 129.93 24
 234.000000 -0.827039 1.36321 -31.893 -6.94349 0.0685786 0.131144 129.995 24
 235.000000 -2.20301 2.28777 -38.4145 0.666746 0.0714413 0.131031 130.905 24
 236.000000 -2.42529 2.72457 -10.7295 2.16701 0.0852604 0.131079 131.828 24
 237.000000 -2.75823 2.59864 -25.0767 0.360548 0.0864831 0.13115 132.683 24
 238.000000 -2.49162 3.08613 -21.8379 2.45706 0.102988 0.131835 133.496 24
 239.000000 -2.35802 3.04221 -32.5607 1.87591 0.113728 0.131597 134.478 24
 240.000000 3.0267 2.66028 -10.6513 -10.875 0.103483 0.131582 134.492 24
 241.000000 -2.6647 2.67147 -41.6912 1.41515 0.110605 0.136223 135.488 25
 242.000000 -2.81052 2.89103 -16.4621 -0.0270229 0.110053 0.136328 136.266 25
 243.000000 -2.89657 2.80283 -22.4224 -1.00863 0.106356 0.136666 136.852 25
 244.000000 -2.59556 2.77595 -33.0757 2.12759 0.119036 0.137049 137.787 25
 245.000000 -2.39741 2.67283 -22.9899 2.20938 0.132302 0.136822 138.701 25
 246.000000 -2.2209 2.82874 -31.886 0.745887 0.135117 0.136708 139.622 25
 247.000000 -2.53552 2.84015 -32.5941 2.54879 0.151475 0.137049 140.394 25
 248.000000 -2.77094 2.56687 -39.9459 0.44745 0.152737 0.137277 141.261 25
 249.000000 -2.29939 2.60319 -32.4351 1.43379 0.159426 0.13763 142.258 25
 250.000000 -1.81382 2.72707 -31.694 0.082126 0.159122 0.137596 143.055 25
 251.000000 -2.6357 2.58903 -32.6975 1.94289 0.169439 0.132084 144.03 24
 252.000000 -2.77381 2.96166 -23.7888 0.730917 0.171927 0.132161 144.948 24
 253.000000 -0.907605 0.831291 -29.9943 -4.71489 0.163477 0.132154 145.102 24
 254.000000 -2.21019 2.92371 -21.3883 1.04291 0.167608 0.132043 146.066 24
 255.000000 -0.768615 0.300729 -17.7063 -8.31724 0.158171 0.132059 146.104 24
 256.000000 -1.27753 2.8114 -25.1139 2.60229 0.174271 0.131992 146.843 24
 257.000000 -2.03131 2.19713 -39.5075 0.0813723 0.173917 0.131965 147.639 24
 258.000000 -0.249191 -0.885158 5.48471 -27.0244 0.164268 0.131965 147.639 24
 259.000000 -1.61691 0.8975 1.40298 1.23462 0.169404 0.132144 148.623 24
 260.000000 -2.46578 2.62628 -34.3557 2.69752 0.186123 0.132679 149.304 24
 261.000000 -2.71333 2.94565 -34.2376 1.34192 0.191728 0.132989 150.295 24
 262.000000 -2.13163 2.88866 -8.07251 0.622485 0.193516 0.132934 151.193 24
 263.000000 -1.65864 1.69149 -20.7305 0.888383 0.196549 0.132852 152.134 24
 264.000000 -1.76418 1.37523 -21.1653 0.323507 0.19704 0.132974 152.978 24
 265.000000 -1.53862 0.521064 -35.9176 2.0336 0.207224 0.133046 153.938 24
 266.000000 3.0943 2.78946 12.2821 -7.9386 0.198222 0.133098 153.981 24
 267.000000 -1.35928 1.87425 -19.9321 2.64286 0.213667 0.133244 154.703 24
 268.000000 -0.567723 0.206826 -11.8974 -16.8396 0.204387 0.133244 154.704 24
 269.000000 -0.113101 1.5012 34.1821 -29.0779 0.195132 0.133244 154.704 24
 270.000000 -2.40496 2.77561 -13.5347 2.46514 0.208758 0.133128 155.531 24
 271.000000 -0.882942 0.388733 -21.2823 -5.42478 0.200533 0.133105 155.647 24
 272.000000 -1.29219 2.4639 -23.99 2.72931 0.216526 0.132995 156.325 24
 273.000000 -1.47728 1.79192 25.637 2.42669 0.22947 0.133003 157.179 24
 274.000000 -1.1564 1.24074 -37.8563 1.42382 0.235035 0.13324 158.174 24
 275.000000 -1.52589 1.27328 -37.2169 2.2966 0.246624 0.13326 159.078 24
 276.000000 -1.14969 0.935301 -35.3377 1.42519 0.252056 0.133359 160.072 24
 277.000000 -1.39356 1.20226 -16.0913 2.76512 0.267609 0.13383 160.744 24
 278.000000 -1.28609 0.743454 -15.4563 2.88168 0.284111 0.133742 161.336 24
 279.000000 -1.54398 0.991973 -28.2934 2.26622 0.294899 0.133823 162.261 24
 280.000000 -1.38407 0.929285 -41.7574 2.97077 0.311915 0.134161 162.795 24
 281.000000 -1.01291 0.94053 -22.0717 -1.62998 0.307126 0.131538 163.255 25
 282.000000 -1.57892 1.23637 -21.3136 2.09742 0.316362 0.132278 164.222 25
 283.000000 -1.06372 0.800739 -29.4778 -0.149481 0.314865 0.134442 164.952 24
 284.000000 -1.2039 0.589447 -14.6813 2.30333 0.325514 0.135385 165.871 24
 285.000000 -1.26116 0.895457 -35.2018 2.92405 0.34146 0.135412 166.462 24
 286.000000 -1.52428 0.948201 -27.9203 2.54282 0.353745 0.135472 167.302 24
 287.000000 -0.989718 0.962545 -37.3319 -1.9444 0.348526 0.135822 167.712 24
 288.000000 -0.54721 0.566001 21.6371 -17.9126 0.339886 0.135822 167.712 24
 289.000000 0.0439967 0.512744 25.9168 -30.027 0.33127 0.130389 167.712 25
 290.000000 -3.02757 -2.84797 -23.7446 -3.68263 0.324403 0.13039 167.93 25
 291.000000 -0.244451 -1.01 2.29556 -27.424 0.315847 0.13039 167.93 25
 292.000000 -1.39947 0.985286 -33.9056 3.12771 0.333553 0.13085 168.348 25
 293.000000 -1.84444 1.26452 -19.2887 0.00640013 0.33251 0.130828 169.1 25
 294.000000 -1.00461 1.99492 -26.9696 -1.30884 0.32843 0.13122 169.606 25
 295.000000 -1.40525 2.2281 -15.2199 3.21931 0.346789 0.131755 169.936 25
 296.000000 -2.44416 2.59897 -47.1588 2.45099 0.35789 0.13188 170.828 25
 297.000000 -2.47258 3.01494 -28.5063 2.60407 0.370087 0.132284 171.661 25
 298.000000 -2.6921 3.09116 -16.9205 1.25148 0.373621 0.132606 172.628 25
 299.000000 -1.25325 2.13121 -4.10703 3.02287 0.389306 0.132663 173.192 25
 300.000000 -0.813216 1.64589 -5.89233 -6.95525 0.381443 0.132727 173.252 25
 301.000000 -1.9946 1.90733 -16.8583 -0.256573 0.379578 0.132702 173.944 25
 302.000000 -0.486702 -0.3657 4.43518 -19.0368 0.371336 0.132702 173.944 25
 303.000000 -0.510311 0.0467691 3.51099 -18.4335 0.363122 0.132702 173.945 25
 304.000000 -1.42177 0.886323 -36.1646 3.21406 0.38053 0.133347 174.333 25
 305.000000 -1.9831 2.3521 -22.1384 -0.163051 0.378933 0.133331 175.04 25
 306.000000 -2.0029 2.51314 -41.6626 -0.0475964 0.377656 0.133297 175.771 25
 307.000000 -2.76973 2.39579 -13.8171 0.625556 0.378502 0.133296 176.634 25
 308.000000 -1.80672 2.73824 -30.5618 0.0172784 0.377413 0.13327 177.38 25
 309.000000 -2.43945 2.94758 -44.6365 2.55535 0.388608 0.133323 178.244 25
 310.000000 -2.6793 2.33638 -24.6046 1.44727 0.392845 0.133702 179.228 25
 311.000000 -1.4471 2.07596 -11.0163 3.16148 0.409055 0.133972 179.684 25
 312.000000 -1.19278 0.312548 1.18195 2.32755 0.418266 0.134541 180.628 25
 313.000000 -0.892276 1.44867 -2.58112 -4.67041 0.411345 0.134464 180.772 25
 314.000000 -1.28414 0.826271 -43.6049 3.28001 0.428379 0.13438 181.122 25
 315.000000 -1.53038 2.59952 -14.1643 2.66241 0.439789 0.134372 181.96 25
 316.000000 -1.77102 2.57881 -46.506 0.0681471 0.4387 0.134396 182.705 25
 317.000000 -2.73852 2.58643 -14.106 1.03516 0.440818 0.134416 183.633 25
 318.000000 -2.43745 2.71622 -28.6193 2.52462 0.451007 0.134441 184.526 25
 319.000000 -2.69892 2.96674 -36.9431 1.40096 0.454618 0.134619 185.502 25
 320.000000 -1.61552 0.614268 -29.7338 1.62963 0.459289 0.134768 186.496 25
 321.000000 -1.56821 1.18186 -36.9114 2.35535 0.468093 0.135565 187.44 25
 322.000000 -1.79994 2.70507 -49.9103 0.067072 0.466946 0.135535 188.184 25
 323.000000 0.0280905 -0.337004 -12.5379 -30.7573 0.459236 0.135535 188.184 25
 324.000000 -0.0067439 -0.569515 11.0816 -30.9818 0.451549 0.135535 188.184 25
 325.000000 -0.972108 1.59664 -32.8017 -2.43388 0.446298 0.135583 188.515 25
 326.000000 2.89607 2.96762 -9.33051 -17.212 0.438665 0.135583 188.516 25
 327.000000 -1.81369 -0.0681044 -4.06491 0.149781 0.437833 0.135541 189.278 25
 328.000000 -1.1712 0.432779 -38.2288 2.06265 0.444785 0.135714 190.267 25
 329.000000 -1.96798 2.71035 -2.54654 -0.139112 0.443207 0.135709 190.972 25
 330.000000 -1.92647 2.48529 -35.2764 0.0485125 0.442104 0.135815 191.715 25
 331.000000 -2.06157 2.17719 -13.4675 -0.117386 0.440594 0.135788 192.426 25
 332.000000 -2.49384 3.08676 -5.07092 2.51959 0.450323 0.136292 193.317 25
 333.000000 0.0864786 -0.426582 11.7537 -27.6583 0.442844 0.136292 193.317 25
 334.000000 -1.74296 0.564527 -22.7252 0.407736 0.44274 0.136363 194.132 25
 335.000000 -2.62773 2.50446 -35.0249 1.87922 0.448514 0.136304 195.131 25
 336.000000 0.000747779 1.5308 7.1358 -30.2449 0.441101 0.136304 195.131 25
 337.000000 -0.250182 0.788462 21.6933 -27.4234 0.433711 0.136304 195.131 25
 338.000000 -2.6113 -2.9828 -18.3317 2.10032 0.440696 0.136228 196.116 25
 339.000000 -0.139508 1.40266 9.86469 -28.6906 0.433349 0.136228 196.116 25
 340.000000 -1.39956 -0.172152 -36.4399 3.23363 0.448466 0.136686 196.536 25
 341.000000 -1.35223 1.3251 -22.6696 3.39699 0.464904 0.136693 196.783 25
 342.000000 0.914953 -0.714377 -35.8297 -1.07719 0.461548 0.136906 197.307 25
 343.000000 1.09579 -0.519917 -18.1983 0.144839 0.460683 0.136827 198.062 25
 344.000000 1.11095 -0.757289 -8.6203 0.197087 0.459958 0.136739 198.829 25
 345.000000 0.767403 -0.34674 -5.27536 -4.40906 0.453765 0.136823 198.986 25
 346.000000 1.14746 -0.200715 -24.4001 0.0626135 0.452721 0.136734 199.726 25
 347.000000 0.442491 0.0812174 -6.88071 -12.6091 0.445582 0.136738 199.732 25
 348.000000 0.736869 -0.710634 -35.9094 -5.24367 0.439157 0.136763 199.846 25
 349.000000 -1.54448 1.92192 -19.7752 2.55806 0.448677 0.136858 200.734 25
 350.000000 -1.99452 2.68773 -14.4895 -0.00777649 0.447489 0.136813 201.461 25
 351.000000 -3.09153 2.97681 -27.5865 -5.52025 0.441042 0.136798 201.563 25
 352.000000 -1.32289 0.594649 -22.3619 3.40503 0.457111 0.13667 201.811 25
 353.000000 -1.50849 0.958632 -43.2769 2.92108 0.468958 0.136698 202.531 25
 354.000000 -1.15425 1.18538 -8.4812 1.70926 0.47348 0.136668 203.528 25
 355.000000 -1.60556 0.796841 -31.8416 1.95058 0.479135 0.136864 204.526 25
 356.000000 -1.27486 0.612688 -29.2973 3.23011 0.493159 0.136818 205.006 25
 357.000000 -1.75958 0.842907 -16.874 0.324043 0.492702 0.136842 205.79 25
 358.000000 -1.14702 -0.246896 -20.6988 1.7028 0.497037 0.136761 206.785 25
 359.000000 -0.0907306 1.4941 -2.70853 -29.4426 0.490098 0.136761 206.785 25
 360.000000 -0.946254 -0.102832 -28.2839 -3.35011 0.484665 0.136741 207.016 25
 361.000000 -0.589142 -0.609644 10.735 -17.2361 0.477771 0.136741 207.017 25
 362.000000 0.00838381 -0.983641 -15.6516 -30.1981 0.47089 0.136741 207.017 25
 363.000000 -0.65345 -0.00263287 -30.8328 -14.0649 0.464048 0.131494 207.02 26
 364.000000 -0.604945 1.56284 3.73456 -16.0345 0.457214 0.131491 207.022 26
 365.000000 -1.47429 1.49002 -32.3547 3.23524 0.471117 0.131581 207.506 26
 366.000000 -0.325047 -0.80762 -12.8804 -24.8185 0.464311 0.126708 207.506 27
 367.000000 -1.53081 1.12909 -44.666 3.0675 0.476749 0.126797 208.148 27
 368.000000 0.0778063 -0.684919 -3.21542 -29.1355 0.46998 0.126797 208.148 27
 369.000000 -1.34366 1.34308 -39.9604 3.67451 0.487538 0.126736 208.1 27
 370.000000 -1.04929 0.92603 -38.1737 -0.17826 0.485962 0.126512 208.775 28
 371.000000 -1.55751 1.1134 -37.7441 2.88487 0.496776 0.127417 209.557 28
 372.000000 -1.3261 0.995898 -37.6648 3.70751 0.514253 0.127225 209.504 28
 373.000000 -0.899636 1.01199 -1.98486 -4.35087 0.508526 0.127184 209.658 28
 374.000000 -1.96558 0.15654 -31.2821 0.0955512 0.50751 0.127161 210.381 28
 375.000000 1.19082 -0.848139 -42.5493 -0.379887 0.505524 0.127111 211.012 28
 376.000000 0.13196 -0.776753 2.39978 -26.4151 0.498899 0.122728 211.012 29
 377.000000 -3.115 2.82166 -39.3761 -5.88768 0.492802 0.122719 211.096 29
 378.000000 -1.99915 2.70472 -37.9034 0.225232 0.492133 0.122665 211.847 29
 379.000000 -1.7832 2.57867 -27.0477 0.478397 0.492097 0.122626 212.649 29
 380.000000 -2.55039 2.78059 -38.9138 2.45664 0.499928 0.122624 213.598 29
 381.000000 -2.9541 3.04359 -28.1511 -2.88175 0.495077 0.122413 213.866 29
 382.000000 -2.32495 2.50317 -42.6568 1.31443 0.497608 0.125586 214.816 30
 383.000000 -0.232984 1.98035 6.58478 -27.2907 0.491104 0.125586 214.816 30
 384.000000 -1.12614 1.38882 -15.9183 1.50012 0.494332 0.125605 215.789 30
 385.000000 -1.52162 -0.79991 -12.331 3.22502 0.507149 0.125622 216.344 30
 386.000000 -1.95626 1.8034 1.01767 0.272435 0.50657 0.125595 217.103 30
 387.000000 -2.16706 2.79046 -22.4438 -3.88191e-05 0.505388 0.125552 217.809 30
 388.000000 -2.30878 3.0332 -38.1955 1.11866 0.507175 0.125321 218.728 30
 389.000000 -2.90523 2.72696 -23.2741 -1.76488 0.503348 0.125372 219.129 30
 390.000000 -2.99523 2.47209 -10.0267 -3.49914 0.498245 0.125397 219.341 30
 391.000000 -2.67807 2.98124 -15.5948 1.56525 0.50164 0.125587 220.322 30
 392.000000 -2.13279 2.65551 -18.3017 0.00264047 0.500489 0.12555 221.029 30
 393.000000 -2.04341 2.45424 -51.354 0.198571 0.499767 0.1255 221.777 30
 394.000000 -2.31658 2.69423 -9.99335 1.29659 0.502143 0.12557 222.726 30
 395.000000 -2.54639 2.77698 -36.0408 2.44357 0.509551 0.125548 223.675 30
 396.000000 -2.83048 2.76752 -45.2107 -0.129807 0.50813 0.125527 224.357 30
 397.000000 -2.38218 3.0577 -44.762 2.0686 0.513572 0.125656 225.355 30
 398.000000 -2.84246 2.5145 -15.0636 -0.236074 0.511949 0.126213 226.017 30
 399.000000 -2.0311 2.64126 -39.4978 0.299804 0.51144 0.126154 226.786 30
 400.000000 -1.65162 2.48038 -13.3306 1.57867 0.51476 0.125956 227.768 30
 401.000000 -2.0149 2.28431 0.257782 0.442194 0.514582 0.125888 228.567 30
 402.000000 -2.30999 2.37094 -38.1928 1.34568 0.517028 0.125897 229.523 30
 403.000000 -2.89546 2.93904 -32.6933 -1.20271 0.51395 0.12587 230.013 30
 404.000000 -0.670255 1.4595 7.32452 -13.0216 0.507811 0.125873 230.018 30
 405.000000 -1.66196 0.737437 -15.4915 1.50725 0.510837 0.125667 230.994 30
 406.000000 -1.73393 1.99546 -16.9942 0.759782 0.51148 0.125723 231.855 30
 407.000000 -2.2283 2.56925 -17.2295 0.575545 0.511639 0.125798 232.682 30
 408.000000 -2.59126 -2.93528 -13.7393 2.25834 0.517817 0.125672 233.661 30
 409.000000 -2.71321 2.83848 -6.64896 1.37518 0.520312 0.125705 234.622 30
 410.000000 -2.34713 2.5462 2.77704 1.82136 0.524464 0.126158 235.621 30
 411.000000 -2.64568 2.35623 -22.0698 1.98767 0.52929 0.126145 236.62 30
 412.000000 -1.68221 2.33343 -8.56189 1.34092 0.531611 0.125946 237.578 30
 413.000000 -2.28724 2.66034 -0.994019 1.25514 0.533638 0.125838 238.524 30
 414.000000 -2.34312 2.58651 -23.1562 1.90817 0.538052 0.126157 239.524 30
 415.000000 -1.80642 2.3831 -8.7626 0.472512 0.537897 0.126094 240.331 30
 416.000000 -2.30857 2.3778 -19.4099 1.66306 0.541304 0.126122 241.322 30
 417.000000 -2.97146 2.80839 -30.9928 -2.90048 0.536834 0.126172 241.592 30
 418.000000 -2.36747 2.53696 2.35587 2.21247 0.542529 0.126401 242.575 30
 419.000000 -1.54814 0.886463 -35.9393 2.93431 0.552065 0.12649 243.32 30
 420.000000 -0.55676 0.0378395 4.01825 -17.2623 0.546138 0.12649 243.321 30
 421.000000 -1.60209 2.18236 -39.0376 2.47535 0.553028 0.126624 244.259 30
 422.000000 -0.943177 2.08392 3.1474 -3.32432 0.548372 0.126623 244.488 30
 423.000000 -1.27133 0.93495 -42.6626 3.21222 0.55958 0.126543 245.033 30
 424.000000 -0.79443 0.682409 -10.7717 -7.62361 0.553925 0.126547 245.076 30
 425.000000 -0.984535 1.51377 -40.3277 -2.07618 0.550107 0.126644 245.437 30
 426.000000 -0.0538013 0.331427 18.7791 -29.7249 0.544259 0.126644 245.437 30
 427.000000 0.0249265 -0.38197 -9.59341 -29.5477 0.538424 0.126644 245.437 30
 428.000000 -0.080417 1.81747 -9.29279 -29.1692 0.532603 0.126644 245.437 30
 429.000000 -2.36328 2.96322 -16.2113 2.22519 0.53823 0.126892 246.421 30
 430.000000 -1.81321 3.00933 -22.4428 0.440604 0.538007 0.126827 247.219 30
 431.000000 -2.66144 2.49419 -32.9757 1.84053 0.541964 0.127127 248.218 30
 432.000000 -3.00045 3.02611 -5.03104 -3.46599 0.537354 0.127135 248.435 30
 433.000000 -2.95195 2.78621 -42.437 -2.44515 0.533342 0.127214 248.751 30
 434.000000 -2.47948 2.56018 13.6614 2.52644 0.540347 0.12744 249.678 30
 435.000000 -2.08529 2.89074 -37.6918 0.0766995 0.539377 0.127637 250.403 31
 436.000000 -2.0354 2.44117 -26.3 0.299856 0.538854 0.127737 251.174 31
 437.000000 -2.57621 2.28409 -6.81134 2.40336 0.545177 0.127616 252.129 31
 438.000000 -2.59507 3.14142 -5.93954 2.4029 0.551453 0.127488 253.086 31
 439.000000 -2.3519 2.69043 -23.8455 2.2019 0.556765 0.127854 254.072 31
 440.000000 -2.87576 2.7717 -23.8372 -0.866373 0.554305 0.127908 254.618 31
 441.000000 -2.82605 2.38937 -37.4737 0.107131 0.553378 0.128259 255.35 31
 442.000000 -2.25269 2.66106 -27.1974 1.10278 0.554765 0.128479 256.271 31
 443.000000 -2.34258 2.84836 -18.124 2.21296 0.560063 0.1236 257.256 30
 444.000000 -1.49598 0.240436 -27.7913 3.22363 0.570741 0.123586 257.795 30
 445.000000 -1.678 0.984846 -39.8675 1.50365 0.573277 0.123418 258.77 30
 446.000000 -1.40232 1.18893 -26.2856 3.4014 0.585009 0.123638 259.138 30
 447.000000 -1.3863 1.39607 -29.6941 3.51525 0.597435 0.123724 259.385 30
 448.000000 -1.26399 0.737143 -49.5502 3.22035 0.607758 0.123707 259.962 30
 449.000000 -2.10263 3.09755 -10.2738 0.215388 0.606951 0.123263 260.706 29
 450.000000 -2.13105 2.10027 -31.4038 0.428223 0.606569 0.123202 261.493 29
 451.000000 -1.9923 2.11618 -24.0743 0.458623 0.606251 0.123159 262.286 29
 452.000000 -2.2065 -3.13788 -31.356 0.983804 0.607151 0.123119 263.18 29
 453.000000 -2.50327 2.61605 -29.9093 2.69268 0.614323 0.123246 264.067 29
 454.000000 -2.41696 2.45794 -4.33908 2.85763 0.622304 0.123191 264.886 29
 455.000000 -2.13203 2.64268 -25.3018 0.57778 0.622207 0.123136 265.702 29
 456.000000 -2.22308 -3.05636 -27.6745 1.23944 0.623739 0.123118 266.637 29
 457.000000 -2.90219 2.63204 -21.7073 -1.219 0.620893 0.12306 267.116 29
 458.000000 -2.95437 2.55432 -25.1336 -2.19934 0.61721 0.123141 267.457 29
 459.000000 -2.81452 2.75801 -8.07062 0.349325 0.616658 0.12317 268.229 29
 460.000000 -2.88519 2.5504 -5.83099 -0.661228 0.614488 0.123166 268.805 29
 461.000000 -2.82066 2.5351 -1.84131 0.405041 0.614053 0.123498 269.589 29
 462.000000 -2.81808 2.8063 -30.6088 0.531246 0.613877 0.123798 270.399 29
 463.000000 -2.83674 3.08219 -6.68124 0.398639 0.613432 0.123938 271.183 29
 464.000000 -2.54981 2.60469 -34.7509 2.6341 0.620119 0.123877 272.086 29
 465.000000 -2.24989 2.75913 -24.8863 1.52401 0.622455 0.123926 273.06 29
 466.000000 -1.97332 2.71639 -12.7394 0.391622 0.621983 0.123888 273.843 29
 467.000000 -2.55168 2.74453 11.0701 2.69151 0.628863 0.123822 274.726 29
 468.000000 -2.82313 3.06403 -32.4679 0.59664 0.628795 0.124018 275.549 29
 469.000000 -2.42458 2.57007 -42.4467 2.88966 0.636612 0.123993 276.346 29
 470.000000 -2.10818 2.57297 -2.14941 0.610492 0.636557 0.123962 277.171 29
 471.000000 -1.98252 2.61824 -20.8664 0.505649 0.636287 0.123921 277.975 29
 472.000000 -2.49505 2.3815 -44.497 2.89327 0.644035 0.124113 278.771 29
 473.000000 -2.96511 2.874 -31.323 -2.07211 0.640541 0.12417 279.128 29
 474.000000 -2.79089 2.82116 -14.4602 0.923407 0.641172 0.124229 280.012 29
 475.000000 -2.1555 2.39502 -24.2871 0.907014 0.641761 0.124163 280.893 29
 476.000000 -1.56536 2.47742 -27.109 2.72567 0.648581 0.124662 281.765 29
 477.000000 -2.11403 2.11696 -22.0342 0.772809 0.648847 0.124635 282.621 29
 478.000000 -0.606385 -0.541172 -19.9727 -16.065 0.643641 0.124634 282.622 29
 479.000000 -0.756828 -0.569534 -16.4789 -9.35122 0.638533 0.124624 282.644 29
 480.000000 -2.05344 3.018 -22.2182 0.718953 0.638703 0.124642 283.49 29
 481.000000 -2.23214 2.73044 -28.6187 1.47733 0.64077 0.124628 284.459 29
 482.000000 -2.46091 2.75333 -38.7674 2.95552 0.648657 0.124799 285.22 29
 483.000000 -2.4187 2.79263 -31.7498 3.01069 0.656775 0.124755 285.952 29
 484.000000 -2.49935 2.70553 -32.3062 3.0118 0.66484 0.124947 286.687 29
 485.000000 -2.00949 2.93021 -4.67612 0.688364 0.664888 0.124909 287.524 29
 486.000000 -2.42622 2.75011 -46.1622 3.12372 0.673477 0.124905 288.187 29
 487.000000 -2.54055 2.78581 -43.93 2.96152 0.681145 0.124877 288.96 29
 488.000000 -2.38897 3.07178 -21.2753 3.055 0.689243 0.124757 289.68 29
 489.000000 -2.27061 2.92388 -5.01822 1.84353 0.692237 0.124848 290.676 29
 490.000000 -2.65734 2.86664 -7.246 1.98587 0.695688 0.125125 291.676 29
 491.000000 -2.70495 2.89957 -33.7696 1.59364 0.697883 0.1252 292.654 29
 492.000000 -2.8067 2.96026 3.08502 0.833322 0.698166 0.125476 293.515 29
 493.000000 -2.44121 2.72741 -13.8489 3.24058 0.707093 0.125546 294.1 29
 494.000000 -1.82775 2.76529 -29.6878 0.0605445 0.705942 0.125506 294.807 29
 495.000000 -2.56231 3.03385 0.787842 2.91299 0.713086 0.125423 295.614 29
 496.000000 -2.8259 2.59268 -19.886 0.681374 0.713022 0.12555 296.444 29
 497.000000 -2.55965 3.06597 3.4505 2.98761 0.720469 0.125471 297.213 29
 498.000000 -1.89543 2.82961 -38.7429 0.0867218 0.719348 0.125479 297.924 29
 499.000000 -2.69216 2.35417 -35.8843 1.79991 0.722051 0.125594 298.918 29
 500.000000 -1.57288 2.35125 -21.2404 2.53032 0.727346 0.12593 299.864 29
 501.000000 -2.94085 2.87946 -22.8942 -1.54979 0.72437 0.126037 300.286 29
 502.000000 -2.73348 2.77059 -23.2831 1.51678 0.726223 0.126072 301.254 29
 503.000000 -2.32638 2.91063 -50.5265 2.50035 0.731348 0.125992 302.207 29
 504.000000 -1.84673 2.37743 -1.88959 0.10419 0.73025 0.125959 302.922 29
 505.000000 -2.60157 2.45983 -11.0421 2.73425 0.736321 0.125883 303.808 29
 506.000000 -1.80765 2.75707 -14.7057 0.254999 0.735458 0.125846 304.553 29
 507.000000 -3.13297 2.88117 -24.0625 -6.8431 0.730778 0.125908 304.61 29
 508.000000 -2.04847 2.64884 -25.0402 0.652427 0.730627 0.125905 305.434 29
 509.000000 -1.59274 2.57384 -11.4382 2.36144 0.735136 0.126059 306.411 29
 510.000000 -1.61991 0.0446756 -27.4115 2.11831 0.738751 0.126056 307.409 29
 511.000000 -0.697474 1.47724 -10.7155 -12.0304 0.733904 0.126061 307.416 29
 512.000000 -1.0229 1.22424 -20.4692 -1.53922 0.730995 0.1279 307.84 28
 513.000000 -1.70023 1.47275 -24.5473 1.05794 0.731674 0.127787 308.739 28
 514.000000 0.907147 -0.310656 -20.2748 -2.06546 0.728407 0.127825 309.092 28
 515.000000 0.919783 -0.826292 -30.097 -1.78442 0.725336 0.12788 309.482 28
 516.000000 -1.54986 -0.118609 -22.6994 2.77189 0.731463 0.128051 310.353 28
 517.000000 -0.629029 2.54684 -6.10046 -14.8921 0.726653 0.12805 310.355 28
 518.000000 0.785874 -1.33757 -8.08267 -4.70835 0.722387 0.128094 310.486 28
 519.000000 0.602261 -0.794682 11.0462 -9.09026 0.717679 0.128084 310.509 28
 520.000000 1.07703 -0.829426 -41.6235 -0.49065 0.715841 0.12806 311.109 28
 521.000000 0.660072 -0.411124 -31.5279 -7.81056 0.711214 0.128052 311.148 28
 522.000000 0.815716 -0.343714 -12.9129 -3.80934 0.707221 0.12799 311.333 28
 523.000000 0.472356 -0.278013 -15.6039 -12.7444 0.702478 0.127992 311.338 28
 524.000000 -1.46905 1.23276 -34.0936 3.00753 0.709687 0.128037 312.095 28
 525.000000 -1.62489 0.854856 -15.7335 2.17196 0.713465 0.12803 313.091 28
 526.000000 -2.24547 2.50998 -40.8166 1.51231 0.715251 0.128048 314.058 28
 527.000000 -2.11357 2.40338 -14.8633 0.772028 0.71536 0.128034 314.905 28
 528.000000 -2.24006 2.6221 -36.2808 1.56488 0.717272 0.128036 315.879 28
 529.000000 -2.24667 3.13539 -13.0661 1.68675 0.719507 0.128054 316.864 28
 530.000000 -0.694731 2.2694 -6.16757 -12.2176 0.714831 0.128057 316.871 28
 531.000000 -0.0939165 -0.621913 -5.56445 -29.5165 0.710138 0.128057 316.871 28
 532.000000 0.56116 -1.1999 -20.5485 -9.88305 0.705521 0.123706 316.888 29
 533.000000 0.972461 -1.11049 -16.7883 -0.972345 0.703233 0.123761 317.402 29
 534.000000 0.908487 -0.532552 -23.1847 -1.69255 0.700353 0.123785 317.805 29
 535.000000 1.05306 -0.673853 -14.3192 -0.343906 0.698761 0.123773 318.433 29
 536.000000 1.13275 -0.81554 -20.2407 -0.441702 0.697056 0.123735 319.043 29
 537.000000 1.12068 -0.782894 -15.4858 -0.286498 0.695544 0.123694 319.684 29
 538.000000 0.734701 -0.36718 -11.3482 -5.94291 0.691236 0.1237 319.765 29
 539.000000 1.03938 -0.419581 -33.6118 -0.19214 0.689858 0.123699 320.424 29
 540.000000 1.36752 -0.634272 -11.4759 -5.73807 0.685594 0.123744 320.512 29
 541.000000 1.02642 -0.763222 -35.0375 -0.1853 0.684238 0.123754 321.172 29
 542.000000 0.840926 -0.778781 -18.1464 -2.86708 0.680748 0.123694 321.437 29
 543.000000 1.1553 -0.470929 -10.4285 -0.383202 0.679155 0.123658 322.06 29
 544.000000 1.23608 -0.576876 -17.2277 -1.64666 0.676378 0.121569 322.471 30
 545.000000 1.31604 -0.597092 0.784973 -3.72478 0.672589 0.121762 322.664 30
 546.000000 1.19261 -0.526354 -33.6117 -0.717963 0.67064 0.122286 323.225 30
 547.000000 1.03497 -0.734845 -32.2404 0.0120439 0.669583 0.122302 323.927 30
 548.000000 1.00988 -1.05131 -31.9419 -0.0835381 0.668399 0.122331 324.609 30
 549.000000 0.892522 -0.977354 -30.7334 -1.59137 0.665695 0.122327 325.03 30
 550.000000 1.04495 -0.586771 -1.67422 0.215263 0.664947 0.122337 325.772 30
 551.000000 1.17999 -0.25354 -21.8257 -0.375328 0.663406 0.123827 326.399 29
 552.000000 1.39059 -0.651176 -21.5956 -6.1479 0.659186 0.123792 326.475 29
 553.000000 -0.253739 -0.300121 -3.79999 -27.8305 0.654679 0.123792 326.475 29
 554.000000 -1.35425 0.736564 -13.5096 3.15309 0.66241 0.123767 327.115 29
 555.000000 -0.050427 -0.497809 25.949 -29.6989 0.65792 0.123767 327.115 29
 556.000000 0.120367 -0.186211 19.0552 -28.6639 0.653437 0.123767 327.115 29
 557.000000 -0.150132 0.162742 23.4619 -28.6153 0.648963 0.123767 327.115 29
 558.000000 -1.20991 1.57229 -24.4183 2.11269 0.652523 0.124089 328.112 29
 559.000000 -1.15848 1.30127 -19.2917 1.37256 0.654013 0.124079 329.065 29
 560.000000 -0.557154 -0.126066 -4.89993 -17.1141 0.649566 0.124079 329.066 29
 561.000000 -1.54789 1.27591 -11.1997 2.89497 0.656038 0.12424 329.872 29
 562.000000 -1.1151 1.74671 0.0641785 0.656083 0.656038 0.124149 330.701 29
 563.000000 -1.14554 0.574975 -41.1785 1.26855 0.657269 0.124104 331.639 29
 564.000000 -1.0156 0.310698 -3.2366 -1.53678 0.654685 0.124167 332.067 29
 565.000000 -1.75396 0.831107 -38.0828 0.546646 0.654498 0.12419 332.875 29
 566.000000 -1.03424 0.489025 -6.97043 -0.977203 0.652385 0.124309 333.393 29
 567.000000 -1.19197 0.834683 -45.0473 2.01183 0.655565 0.124449 334.393 29
 568.000000 -1.76188 0.935818 -20.4324 0.552791 0.655388 0.12446 335.203 29
 569.000000 -1.60232 0.704875 -33.2759 2.50515 0.660194 0.124573 336.148 29
 570.000000 -1.37415 0.41513 -16.0264 3.13184 0.667581 0.124607 336.807 29
 571.000000 -1.43735 0.730143 -41.4763 3.10943 0.674817 0.124737 337.487 29
 572.000000 -1.33577 1.30655 -37.5143 3.22365 0.682546 0.124669 338.084 29
 573.000000 -0.949015 2.13546 -1.85544 -3.19059 0.679118 0.12463 338.318 29
 574.000000 -0.263269 -0.829715 -2.34238 -27.7159 0.674776 0.12463 338.318 29
 575.000000 -1.33365 1.17906 -40.9067 3.27881 0.682734 0.124557 338.874 29
 576.000000 -2.99961 3.11916 -7.70889 -3.19732 0.679321 0.12455 339.106 29
 577.000000 -2.63761 2.21761 -12.3404 2.24769 0.683096 0.124578 340.096 29
 578.000000 -1.94113 2.78891 -29.5805 0.171175 0.682296 0.124565 340.825 29
 579.000000 -2.39105 2.59332 -16.6277 2.9298 0.688576 0.12448 341.626 29
 580.000000 -1.65534 0.433181 -28.9987 1.84675 0.691112 0.124394 342.622 29
 581.000000 -1.51276 2.01034 -9.85364 3.08424 0.698004 0.124443 343.335 29
 582.000000 -0.636654 1.72847 7.23303 -14.531 0.693731 0.124442 343.338 29
 583.000000 -0.310396 -0.588015 -4.2038 -26.4824 0.689456 0.128886 343.338 28
 584.000000 -1.31518 0.926131 -41.7495 3.16866 0.696702 0.128805 343.996 28
 585.000000 -1.5363 1.64533 -18.4417 2.97027 0.703028 0.128918 344.785 28
 586.000000 0.762811 0.192139 -6.1882 -5.22134 0.699171 0.128937 344.891 28
 587.000000 0.930895 -0.399153 -44.14 -1.13724 0.696959 0.129018 345.374 28
 588.000000 0.88627 -0.370206 -31.3719 -1.82033 0.694267 0.128998 345.756 28
 589.000000 -2.06311 1.98061 -12.6567 0.484187 0.693925 0.129018 346.544 28
 590.000000 -1.45692 -0.510841 -16.893 3.13893 0.700943 0.129083 347.229 28
 591.000000 -0.559946 1.56224 -0.932495 -17.015 0.696729 0.129083 347.23 28
 592.000000 -1.08609 0.904854 -35.5102 0.0835539 0.695812 0.129008 347.936 28
 593.000000 -1.48373 0.632823 -19.7077 3.18497 0.702994 0.129031 348.591 28
 594.000000 -2.52985 -2.95101 -5.82394 2.82544 0.708612 0.129048 349.453 28
 595.000000 -0.6463 1.71096 -19.4812 -14.2255 0.704434 0.129048 349.456 28
 596.000000 -2.3012 3.05006 -23.6981 2.0269 0.707354 0.135283 350.456 29
 597.000000 -2.81739 2.87879 -26.1104 0.370088 0.706826 0.135392 351.218 29
 598.000000 -2.86997 3.02413 -37.4793 -0.336489 0.705403 0.135356 351.842 29
 599.000000 -2.51498 2.74083 -45.6083 2.78987 0.710828 0.135395 352.718 29
 600.000000 -1.94766 2.43994 -25.3444 0.0171125 0.70982 0.135366 353.409 29
 601.000000 -1.42531 2.02696 -18.4198 3.09354 0.716442 0.135493 354.133 29
 602.000000 -2.30905 2.52467 -45.0237 2.03099 0.71931 0.135792 355.133 29
 603.000000 0.125436 1.16866 -5.75293 -28.7662 0.715177 0.135792 355.133 29
 604.000000 0.428338 0.906957 7.22711 -15.0487 0.711059 0.135792 355.135 29
 605.000000 -1.49827 0.205993 -12.7067 3.11251 0.717713 0.135765 355.851 29
 606.000000 -2.97997 3.03324 -20.9924 -2.93888 0.714551 0.13577 356.103 29
 607.000000 -2.63586 2.69878 -27.7863 2.06351 0.717492 0.135759 357.103 29
 608.000000 -1.56103 2.7443 -26.5655 2.82077 0.722908 0.136153 357.972 29
 609.000000 -2.09802 1.63744 -13.3593 0.44495 0.722477 0.136149 358.747 29
 610.000000 -1.6202 -0.028846 -18.6826 2.1995 0.725773 0.136111 359.743 29
 611.000000 -1.08919 2.49005 -20.1612 0.0043178 0.724749 0.136038 360.43 29
 612.000000 0.0924634 -0.876414 5.61612 -29.7565 0.720677 0.140896 360.43 28
 613.000000 -1.82188 0.436338 -28.0745 -0.182879 0.719442 0.140856 361.08 28
 614.000000 3.0168 2.92268 -13.4962 -13.5861 0.715396 0.136013 361.084 29
 615.000000 -1.67618 0.702254 -40.3622 1.39765 0.716669 0.135877 362.032 29
 616.000000 -1.51865 0.584245 -19.6707 3.12744 0.723245 0.135894 362.739 29
 617.000000 -2.33767 -3.06338 -35.9217 2.30582 0.726819 0.129704 363.727 28
 618.000000 -2.94073 2.40359 -22.8842 -1.83091 0.724233 0.129777 364.105 28
 619.000000 -1.14711 1.10116 -35.1344 1.16447 0.725009 0.129747 365.015 28
 620.000000 -0.982195 2.20886 -20.9929 -2.40541 0.722136 0.129734 365.322 28
 621.000000 -1.64006 2.03217 -23.3907 2.12204 0.725153 0.129664 366.321 28
 622.000000 -0.706611 -0.356191 5.22842 -12.2907 0.721168 0.129666 366.328 28
 623.000000 0.882513 -1.05148 -34.9101 -1.98813 0.718518 0.129646 366.685 28
 624.000000 0.630516 -1.09758 -28.4736 -8.51444 0.714623 0.129641 366.714 28
 625.000000 1.0396 -1.36097 -9.40494 -0.100066 0.713512 0.129637 367.381 28
 626.000000 0.888451 -0.994153 -3.02652 -1.78128 0.710996 0.129623 367.766 28
 627.000000 -0.0404166 1.56718 -7.80429 -29.8149 0.707021 0.129623 367.766 28
 628.000000 0.203389 0.629533 4.27618 -24.3765 0.703053 0.125154 367.766 29
 629.000000 -0.142017 -0.507481 -5.04172 -28.686 0.69909 0.125154 367.766 29
 630.000000 -0.248089 -0.438244 -10.5235 -27.584 0.695134 0.125154 367.766 29
 631.000000 -1.70039 1.86315 -16.4874 1.31472 0.696247 0.125045 368.701 29
 632.000000 -2.02755 2.94058 -28.1175 0.507525 0.69596 0.12503 369.49 29
 633.000000 -0.609574 1.88959 -5.03479 -15.1879 0.692029 0.125031 369.492 29
 634.000000 0.420061 -1.04972 -2.46027 -15.0416 0.688105 0.125031 369.494 29
 635.000000 0.66656 -1.44635 -17.8049 -7.64749 0.684319 0.125026 369.535 29
 636.000000 1.7822 -1.0416 16.5652 -36.5611 0.6804 0.120859 369.535 30
 637.000000 0.817679 -1.28199 -18.4598 -3.20549 0.677312 0.120819 369.764 30
 638.000000 1.73048 -1.4356 7.69415 -30.3282 0.673405 0.120819 369.764 30
 639.000000 -0.0213027 -0.658221 13.4058 -29.4725 0.669505 0.120819 369.764 30
 640.000000 -1.05098 2.28388 -22.3163 -0.45026 0.668097 0.12099 370.365 30
 641.000000 -1.01953 0.30341 -30.0009 -1.11462 0.666112 0.121032 370.85 30
 642.000000 -0.236677 -0.732026 25.1 -27.484 0.66223 0.121032 370.85 30
 643.000000 -1.75092 1.04593 -33.8701 0.777951 0.662414 0.12107 371.693 30
 644.000000 1.59643 -0.992413 -14.9193 -17.4953 0.658546 0.117166 371.694 31
 645.000000 1.27543 -0.559228 -20.5092 -2.52851 0.65576 0.114756 371.989 32
 646.000000 1.65746 -0.578843 3.2471 -22.0204 0.651902 0.114755 371.989 32
 647.000000 -0.461884 -0.0386271 -10.8098 -19.5896 0.648051 0.111279 371.99 33
 648.000000 -2.47467 -2.95821 -5.88721 3.26091 0.655153 0.111492 372.59 33
 649.000000 -1.83365 2.76136 -12.3987 0.429457 0.654821 0.111458 373.364 33
 650.000000 -1.77325 2.53742 -34.1183 0.868046 0.655163 0.111457 374.223 33
 651.000000 -2.00582 2.07952 -25.2469 0.758132 0.655324 0.111429 375.062 33
 652.000000 -0.547827 1.75194 22.334 -16.7018 0.651505 0.111429 375.063 33
 653.000000 -2.47541 2.93696 -30.7063 3.3245 0.658817 0.111648 375.61 33
 654.000000 -2.03342 2.85444 -15.8105 0.866458 0.659148 0.111635 376.469 33
 655.000000 -2.54555 2.38009 -41.3127 3.20901 0.665905 0.111606 377.116 33
 656.000000 -2.72308 2.73235 -4.95856 1.53551 0.667488 0.111642 378.082 33
 657.000000 -2.46937 -2.96252 -28.338 3.42039 0.675116 0.111835 378.548 33
 658.000000 -2.05078 2.17682 -13.3511 0.920805 0.675507 0.111838 379.415 33
 659.000000 -2.12586 2.53235 -7.74432 1.09014 0.676191 0.111816 380.312 33
 660.000000 -2.72373 3.01271 -36.865 1.57468 0.677827 0.111849 381.281 33
 661.000000 -2.11625 2.6331 -15.8128 1.13046 0.678576 0.111842 382.186 33
 662.000000 -2.20356 2.46933 -23.6088 1.57872 0.680211 0.111802 383.156 33
 663.000000 -2.50385 3.05003 -22.4383 3.41031 0.687666 0.111945 383.635 33
 664.000000 -2.06779 2.63176 -11.8309 1.11038 0.688359 0.111982 384.535 33
 665.000000 -2.64943 2.67588 -35.0426 2.39974 0.692049 0.112231 385.513 33
 666.000000 -2.65091 2.9315 -21.7185 2.4573 0.695895 0.112472 386.483 33
 667.000000 -2.19726 2.87694 3.58307 1.58453 0.697493 0.112428 387.453 33
 668.000000 -2.30694 2.78992 -25.9438 2.48879 0.701407 0.118773 388.418 34
 669.000000 -2.98818 2.66698 -17.1042 -2.9109 0.698557 0.118767 388.672 34
 670.000000 -2.92127 2.8633 -1.72501 -1.27002 0.696528 0.118854 389.129 34
 671.000000 -2.82357 2.68109 -40.3243 0.607186 0.696397 0.118913 389.935 34
 672.000000 -2.78491 2.94864 -21.031 1.10251 0.697052 0.118931 390.834 34
 673.000000 -2.94985 2.57163 -22.0108 -1.78608 0.694718 0.118958 391.217 34
 674.000000 -2.71483 2.74609 -46.7805 1.77032 0.696709 0.118963 392.205 34
 675.000000 -1.79315 2.76822 -22.1219 0.523659 0.696462 0.11893 392.995 34
 676.000000 -2.39644 2.80359 -10.234 3.18276 0.702753 0.118994 393.669 34
 677.000000 -2.71227 2.32745 -12.7247 1.83753 0.704871 0.118999 394.661 34
 678.000000 -1.55507 2.45857 -10.8814 3.13326 0.710916 0.119119 395.372 34
 679.000000 -2.26099 2.6883 -1.86365 1.91636 0.713194 0.113024 396.369 33
 680.000000 -2.92871 2.75841 -17.2691 -1.16672 0.711254 0.113098 396.842 33
 681.000000 -3.02714 2.58423 -5.90201 -3.35387 0.708312 0.113075 397.057 33
 682.000000 -2.423 2.7311 -24.3196 3.43706 0.715555 0.113059 397.519 33
 683.000000 -1.88688 2.23456 -3.28189 0.241244 0.714923 0.113043 398.249 33
 684.000000 -2.30907 2.53698 -32.9013 2.63862 0.719152 0.120071 399.183 34
 685.000000 -1.60996 1.74309 -31.4121 2.64444 0.72338 0.120084 400.116 34
 686.000000 -1.71558 1.66798 -8.98117 1.24354 0.724222 0.122538 401.036 35
 687.000000 -2.64788 -3.14051 -21.751 2.34046 0.727525 0.12269 402.023 35
 688.000000 -2.88163 2.57556 -20.2592 -0.315431 0.726288 0.122639 402.644 35
 689.000000 -1.97881 2.88765 -37.7074 0.5438 0.726032 0.122588 403.435 35
 690.000000 -2.1355 2.9061 -25.5022 1.16397 0.726725 0.122547 404.343 35
 691.000000 -2.97466 2.87567 -28.2681 -2.25896 0.724208 0.12254 404.665 35
 692.000000 -1.62873 2.0824 -4.52402 2.41766 0.727704 0.122592 405.642 35
 693.000000 -0.741837 -0.139218 -15.3473 -11.2748 0.724136 0.122589 405.652 35
 694.000000 0.027786 0.175296 21.5251 -29.5714 0.720545 0.122589 405.652 35
 695.000000 -0.0952338 -0.26044 16.838 -28.9993 0.716958 0.122589 405.652 35
 696.000000 -0.255291 -0.988781 -2.80252 -27.4927 0.713377 0.122589 405.652 35
 697.000000 -0.00690735 -1.07132 6.89804 -29.3745 0.709801 0.119184 405.652 36
 698.000000 -1.73297 0.779499 -24.5977 1.1266 0.71045 0.116772 406.553 35
 699.000000 -1.9172 2.04192 -30.6577 0.316362 0.709929 0.117267 407.299 36
 700.000000 -2.53882 3.08179 -44.3469 3.19853 0.716013 0.117206 407.969 36
 701.000000 -2.30495 2.19191 -34.9656 2.5204 0.719782 0.117172 408.93 36
 702.000000 -1.73337 2.42217 -25.4007 1.24792 0.720619 0.117215 409.851 36
 703.000000 -2.61561 3.12783 5.08578 2.78324 0.725172 0.117163 410.742 36
 704.000000 -2.85531 3.1166 -42.4999 0.295704 0.724612 0.117143 411.483 36
 705.000000 -1.44432 0.725105 -39.0953 3.24776 0.730787 0.117127 412.121 36
 706.000000 -1.72338 0.909051 -24.9423 1.40059 0.731873 0.117193 413.065 36
 707.000000 -1.80659 0.700984 -7.8425 0.802815 0.731975 0.117179 413.905 36
 708.000000 -1.83991 3.1221 -32.4084 0.62149 0.731822 0.11719 414.711 36
 709.000000 -2.33129 2.36513 -20.5672 2.8025 0.736363 0.110805 415.595 35
 710.000000 -2.78267 2.90969 7.84982 1.4041 0.73744 0.11083 416.54 35
 711.000000 -1.58703 1.50006 -17.784 3.10499 0.742981 0.110965 417.279 35
 712.000000 -0.0658946 0.916953 -11.1403 -28.8577 0.739481 0.110965 417.279 35
 713.000000 3.04023 3.12848 -1.29907 -12.6375 0.736001 0.11421 417.285 34
 714.000000 -0.782129 1.81915 -13.7338 -9.48027 0.732568 0.11421 417.304 34
 715.000000 -2.43514 2.53137 -28.0569 3.46374 0.739488 0.114216 417.756 34
 716.000000 -2.72266 3.13722 -42.7426 1.91742 0.741587 0.114218 418.752 34
 717.000000 -2.84646 2.63299 -36.546 0.595261 0.741389 0.114227 419.55 34
 718.000000 -2.13457 2.16095 -18.2996 1.30405 0.742266 0.114195 420.478 34
 719.000000 -2.66967 3.04588 -19.5817 2.40501 0.745547 0.114294 421.459 34
 720.000000 -2.81595 2.82991 -27.2103 1.09998 0.746075 0.114393 422.353 34
 721.000000 -2.12812 2.82084 -25.1372 1.31926 0.746968 0.11437 423.283 34
 722.000000 -1.71314 2.32491 -21.3082 1.63331 0.748439 0.114486 424.256 34
 723.000000 -1.60849 1.29819 -17.0388 2.86814 0.753049 0.114511 425.119 34
 724.000000 -1.28826 1.29612 -27.9506 2.82848 0.757511 0.11445 425.999 34
 725.000000 -1.45463 1.28342 -27.9326 3.31412 0.763643 0.114446 426.597 34
 726.000000 -1.43427 1.04814 -40.9401 3.31743 0.769756 0.114486 427.197 34
 727.000000 -1.19108 0.901278 -53.4445 1.76708 0.771439 0.11455 428.182 34
 728.000000 -1.0925 0.60114 -37.4775 0.30577 0.770857 0.114508 428.919 34
 729.000000 -1.30516 0.857058 -28.8223 3.00127 0.77579 0.114434 429.729 34
 730.000000 -1.7424 0.458097 -17.0444 1.40729 0.776773 0.114471 430.67 34
 731.000000 -0.604756 -0.51349 19.5997 -15.306 0.773369 0.114471 430.672 34
 732.000000 -1.44302 1.24665 -1.87103 3.38932 0.77967 0.11449 431.216 34
 733.000000 0.0249781 -0.293056 20.0182 -29.2139 0.776269 0.117959 431.216 33
 734.000000 -0.341472 -0.371309 -7.49622 -25.6936 0.772874 0.117959 431.216 33
 735.000000 -0.481316 2.35631 0.577423 -18.9779 0.769483 0.117959 431.216 33
 736.000000 -0.408252 0.0889575 13.4743 -21.8767 0.766097 0.11449 431.216 34
 737.000000 -2.28881 2.84654 -20.8124 2.4371 0.76932 0.114608 432.196 34
 738.000000 -1.72701 2.209 -25.043 1.58072 0.770617 0.114676 433.16 34
 739.000000 -2.5928 2.38178 -33.0948 2.95251 0.775326 0.114628 433.998 34
 740.000000 -3.07732 2.98609 -17.6777 -4.95074 0.772297 0.111751 434.112 35
 741.000000 -2.35931 2.72131 -28.3919 3.21396 0.777876 0.111665 434.803 35
 742.000000 -2.70524 2.92076 -33.7671 2.16888 0.780381 0.11168 435.802 35
 743.000000 -2.65902 3.10231 -2.72003 2.5874 0.783944 0.11181 436.759 35
 744.000000 -1.93524 2.39747 4.49643 0.398804 0.783465 0.111299 437.511 34
 745.000000 -2.05505 2.42079 -27.9098 1.05219 0.783845 0.11131 438.391 34
 746.000000 -1.51118 0.7613 -17.4146 3.51049 0.79046 0.111334 438.83 34
 747.000000 -2.0369 2.92025 -34.2905 1.06414 0.790847 0.111327 439.711 34
 748.000000 -2.92997 2.60892 -13.0135 -1.10786 0.789071 0.111395 440.185 34
 749.000000 -0.510063 1.32515 -8.57181 -17.8922 0.785745 0.11477 440.186 33
 750.000000 -2.92068 3.00867 -18.5229 -0.894963 0.784116 0.114857 440.694 33
 751.000000 -0.644821 1.24915 15.1945 -14.0996 0.780806 0.114857 440.697 33
 752.000000 -1.50451 1.2188 -42.3573 3.49165 0.787306 0.114867 441.159 33
 753.000000 -0.505261 0.328464 -8.63525 -17.8704 0.783997 0.114867 441.16 33
 754.000000 -0.894453 2.81083 -10.4998 -4.90691 0.781029 0.111907 441.276 34
 755.000000 1.40084 -0.600667 -21.1811 -7.05718 0.77787 0.111892 441.326 34
 756.000000 -0.153848 -0.899145 15.6531 -28.186 0.774573 0.111892 441.326 34
 757.000000 -0.895739 2.18249 -7.77005 -4.73139 0.771643 0.1119 441.45 34
 758.000000 -1.58636 1.02098 -11.0143 3.14741 0.776869 0.112033 442.193 34
 759.000000 -0.0388318 -1.05303 12.6984 -28.8624 0.773585 0.112033 442.193 34
 760.000000 -1.05254 0.433841 -15.7073 -0.497626 0.772276 0.112147 442.769 34
 761.000000 -1.29342 2.04691 -8.66705 2.9389 0.776801 0.11209 443.621 34
 762.000000 -1.35969 0.915746 -26.7067 3.2687 0.782403 0.112092 444.288 34
 763.000000 -1.23704 0.315496 -35.8964 2.463 0.785541 0.112136 445.268 34
 764.000000 -1.64506 1.05189 -14.7028 2.54503 0.788879 0.112077 446.236 34
 765.000000 -0.765448 -0.060455 -3.12973 -10.192 0.785661 0.112076 446.25 34
 766.000000 -1.19777 1.5382 -14.0894 2.00275 0.787706 0.112172 447.247 34
 767.000000 -1.07949 0.970234 -37.4112 0.150827 0.786974 0.112146 447.946 34
 768.000000 -1.26655 0.50815 -36.5435 2.87594 0.791221 0.11213 448.827 34
 769.000000 -1.27411 0.586171 -40.3304 2.99985 0.79583 0.112102 449.657 34
 770.000000 -1.19203 0.69843 -46.7427 2.08291 0.798014 0.112183 450.656 34
 771.000000 -1.06447 0.648053 -25.9239 -0.0547944 0.797078 0.112342 451.314 34
 772.000000 -1.33994 1.03547 -28.4026 3.35361 0.802837 0.1123 451.922 34
 773.000000 -1.19351 1.04336 -38.2235 2.16065 0.805168 0.112382 452.922 34
 774.000000 -2.90922 -2.61528 -28.3682 -0.616425 0.803769 0.112489 453.474 34
 775.000000 1.20351 -1.29216 -25.6269 -1.29294 0.801941 0.112529 453.915 34
 776.000000 -2.75675 2.94056 -61.0838 1.72327 0.803375 0.112539 454.891 34
 777.000000 -0.162064 1.92379 13.8967 -28.0199 0.800167 0.112539 454.891 34
 778.000000 0.00744968 -0.988313 28.4803 -28.9576 0.796963 0.112539 454.891 34
 779.000000 -3.03091 2.88982 -37.3409 -3.37059 0.794365 0.115495 455.099 33
 780.000000 -0.423734 1.66782 -13.5032 -20.7055 0.79117 0.115495 455.099 33
 781.000000 -0.0876973 1.2092 -5.39789 -28.4101 0.787978 0.115495 455.099 33
 782.000000 3.08486 -3.13234 -23.7841 -10.7072 0.784822 0.115493 455.11 33
 783.000000 -2.19528 2.32613 -23.889 1.63485 0.786114 0.11545 456.077 33
 784.000000 -2.10312 2.29461 -21.3268 1.14604 0.786607 0.115451 456.969 33
 785.000000 -2.61908 3.11027 -1.09421 2.73455 0.79036 0.115468 457.896 33
 786.000000 -3.14144 2.79497 -9.6174 -7.65886 0.787296 0.11548 457.935 33
 787.000000 -2.52119 2.61043 -21.1616 3.15313 0.792298 0.115497 458.686 33
 788.000000 -1.85593 2.65509 -26.1604 0.449254 0.791892 0.115459 459.443 33
 789.000000 3.06152 2.98567 -30.346 -11.5325 0.788755 0.115455 459.451 33
 790.000000 -1.04522 2.05776 -20.1422 -0.520802 0.787466 0.115531 460.02 33
 791.000000 -1.19199 0.886046 -27.9947 2.09957 0.789646 0.115602 461.02 33
 792.000000 -1.06022 0.571342 -30.0788 -0.099829 0.788702 0.11572 461.669 33
 793.000000 -1.35748 1.68051 -37.0531 3.30568 0.794172 0.115711 462.316 33
 794.000000 -1.26885 1.96155 -11.3408 3.01534 0.798674 0.11571 463.143 33
 795.000000 -1.51388 0.255277 -29.2608 3.40145 0.80443 0.115736 463.719 33
 796.000000 -1.01808 1.45853 -24.1013 -1.0622 0.802781 0.115744 464.194 33
 797.000000 -1.27775 1.36239 -27.2897 3.12603 0.807584 0.115725 464.968 33
 798.000000 -1.15073 1.08395 -30.4306 1.61346 0.808774 0.115704 465.93 33
 799.000000 -1.41864 0.647633 -27.6332 3.36841 0.81435 0.115793 466.54 33
 800.000000 -0.708257 1.2213 0.813049 -12.4613 0.81125 0.115794 466.546 33
 801.000000 -1.70221 1.58341 -15.5947 1.72052 0.812617 0.115932 467.52 33
 802.000000 -1.41141 1.18264 -34.0373 3.41473 0.818321 0.116051 468.096 33
 803.000000 -1.25757 1.23734 -34.6693 2.99411 0.822637 0.116071 468.942 33
 804.000000 -2.11169 1.02365 15.7704 1.15665 0.823081 0.116067 469.831 33
 805.000000 -1.36089 1.20731 -26.0932 3.4708 0.828925 0.116077 470.363 33
 806.000000 -1.07584 1.31531 -44.2323 0.300093 0.828335 0.116243 471.084 33
 807.000000 -1.33657 1.26964 -25.6139 3.50171 0.834256 0.1162 471.593 33
 808.000000 -1.10876 1.75727 -25.8334 0.967119 0.834425 0.11617 472.445 33
 809.000000 -2.17414 2.19792 -16.3156 1.53894 0.83543 0.116129 473.393 33
 810.000000 -2.03101 2.54626 -30.7148 0.888482 0.835496 0.116121 474.231 33
 811.000000 -1.68268 2.96214 9.4151 1.9478 0.837222 0.116064 475.223 33
 812.000000 -2.89177 2.8653 -53.7134 -0.377487 0.836038 0.116036 475.813 33
 813.000000 -2.69722 2.75558 -5.95108 2.09399 0.838047 0.11606 476.812 33
 814.000000 -2.0281 2.68703 -24.5624 0.921068 0.838151 0.116049 477.656 33
 815.000000 -2.0873 2.79532 -41.5576 1.16749 0.838582 0.116111 478.546 33
 816.000000 -2.54353 2.2863 -24.2083 3.0266 0.842866 0.116085 479.38 33
 817.000000 -3.04446 2.95813 -28.2207 -3.84524 0.840281 0.116064 479.551 33
 818.000000 -2.85764 2.64953 -21.4662 0.286021 0.839674 0.116058 480.269 33
 819.000000 -1.31744 2.06729 -12.9883 3.47098 0.845361 0.116001 480.806 33
 820.000000 -1.05589 1.6866 -29.4237 -0.0519511 0.844443 0.116081 481.456 33
 821.000000 -0.560237 1.86695 3.47006 -16.5441 0.841409 0.116081 481.457 33
 822.000000 0.187537 -0.867145 10.5286 -25.764 0.838377 0.116081 481.457 33
 823.000000 -0.414629 -0.367267 -1.68362 -21.1336 0.835348 0.116081 481.458 33
 824.000000 -1.38493 0.847812 -38.2967 3.52257 0.841197 0.116172 481.95 33
 825.000000 -1.0829 1.9286 -14.3492 0.530297 0.840843 0.116351 482.715 33
 826.000000 -1.39898 0.567811 -36.4974 3.54685 0.846745 0.116504 483.189 33
 827.000000 -0.297013 2.12311 -0.724762 -26.4206 0.843731 0.116504 483.189 33
 828.000000 0.300581 -1.37246 -9.97092 -19.7164 0.840721 0.113078 483.189 34
 829.000000 0.779387 -0.7712 -39.4772 -4.89448 0.838016 0.113095 483.303 34
 830.000000 -0.27727 0.50476 3.771 -26.7251 0.835012 0.113095 483.303 34
 831.000000 -2.18791 1.87512 5.72217 1.6855 0.83623 0.113057 484.269 34
 832.000000 -2.25483 2.42477 8.64539 2.04857 0.838103 0.113072 485.266 34
 833.000000 -1.33193 0.795225 -21.9506 3.6879 0.844479 0.113019 485.591 34
 834.000000 1.80671 -0.5322 6.83792 -34.2767 0.84149 0.10979 485.591 35
 835.000000 1.03865 -0.693252 -10.8135 -0.417137 0.840308 0.10978 486.17 35
 836.000000 -1.25032 1.97477 -25.2131 3.1817 0.844942 0.10982 486.935 35
 837.000000 -2.48258 0.235238 -14.6635 3.21326 0.849654 0.109955 487.684 35
 838.000000 0.393383 -1.31088 5.38513 -16.5338 0.846682 0.109955 487.685 35
 839.000000 -0.688496 1.8938 -28.7292 -12.9317 0.843723 0.109956 487.69 35
 840.000000 3.12571 3.1407 -23.5032 -8.30897 0.840831 0.109959 487.719 35
 841.000000 -1.86476 2.72508 -34.1411 0.401369 0.840352 0.109924 488.455 35
 842.000000 -1.94703 2.12952 -30.47 0.516276 0.839991 0.109893 489.214 35
 843.000000 -3.11368 -3.09785 -1.99387 -6.21246 0.837209 0.109919 489.282 35
 844.000000 -3.11365 2.80543 -20.5409 -6.13468 0.834436 0.109938 489.351 35
 845.000000 -2.34554 1.96384 -4.13364 2.87862 0.838176 0.109884 490.253 35
 846.000000 -2.08879 2.71824 -35.5177 1.33222 0.838821 0.109943 491.167 35
 847.000000 -1.71286 1.42269 -38.5856 1.72188 0.84007 0.110043 492.137 35
 848.000000 -1.67899 1.87094 -17.2754 2.12052 0.842041 0.109996 493.136 35
 849.000000 -0.52397 -0.261712 -17.7041 -17.3554 0.839106 0.109996 493.136 35
 850.000000 0.0186915 -0.874395 4.88443 -28.9719 0.836174 0.109996 493.136 35
 851.000000 -1.3334 1.3064 -48.1498 3.79569 0.842827 0.109945 493.338 35
 852.000000 -1.45206 1.22923 -30.1579 3.63015 0.848835 0.109959 493.751 35
 853.000000 -0.560442 0.788073 -7.92712 -16.3189 0.845915 0.109959 493.752 35
 854.000000 1.47555 -1.7338 -14.1458 -10.4238 0.843028 0.10694 493.765 36
 855.000000 1.22414 -1.64089 -14.1502 -1.74182 0.841147 0.107268 494.133 36
 856.000000 -0.682376 1.6797 0.510376 -12.9733 0.838247 0.107268 494.137 36
 857.000000 -2.02462 2.50506 -32.815 1.20654 0.838709 0.107252 495.027 36
 858.000000 -0.0133585 -0.215429 5.05731 -28.7022 0.835804 0.107252 495.027 36
 859.000000 0.588706 0.0947493 -8.9216 -9.63842 0.832945 0.107259 495.044 36
 860.000000 -1.09415 0.480343 -19.33 0.893033 0.833016 0.107244 495.875 36
 861.000000 -0.682012 2.45471 -12.5967 -12.9045 0.830132 0.107244 495.88 36
 862.000000 -1.18397 0.759201 -26.0762 2.31919 0.832491 0.107297 496.878 36
 863.000000 -1.9437 0.89948 -15.679 0.62254 0.832258 0.107267 497.656 36
 864.000000 -0.345135 -0.313175 -6.36118 -24.2102 0.829373 0.107267 497.656 36
 865.000000 0.937867 -1.0431 -28.5572 -1.3349 0.827702 0.1073 498.081 36
 866.000000 0.166254 -0.740143 42.5202 -26.5226 0.824823 0.1073 498.081 36
 867.000000 -0.904173 2.63894 -24.3892 -4.4318 0.822297 0.107326 498.216 36
 868.000000 0.886558 -1.1551 -29.0545 -2.02184 0.820344 0.107317 498.549 36
 869.000000 -0.445993 2.59477 30.3261 -19.5237 0.817476 0.107317 498.549 36
 870.000000 -1.09582 0.951639 -34.3714 1.02637 0.817726 0.107306 499.407 36
 871.000000 -2.90902 2.59134 -15.8546 -0.562142 0.816511 0.107394 499.957 36
 872.000000 -2.64634 -2.98166 -21.3688 2.59574 0.819483 0.10754 500.929 36
 873.000000 -2.44182 1.82609 -30.9864 3.28661 0.824298 0.107575 501.637 36
 874.000000 -1.81677 2.97925 -1.65488 0.95183 0.824447 0.107536 502.48 36
 875.000000 -2.42407 2.78979 -12.8224 3.32513 0.829355 0.107527 503.164 36
 876.000000 -2.28661 2.65199 -13.6878 2.40566 0.83186 0.107605 504.157 36
 877.000000 -2.42579 2.7226 -36.9267 3.37581 0.836891 0.107598 504.808 36
 878.000000 -2.73229 2.86017 -19.9886 1.92159 0.838437 0.107591 505.795 36
 879.000000 -2.3324 2.94969 -20.4655 2.92117 0.842132 0.107556 506.69 36
 880.000000 -3.0312 2.60568 -32.7769 -3.29384 0.839839 0.107539 506.897 36
 881.000000 -2.95159 2.52261 -21.3855 -1.40703 0.83816 0.107551 507.309 36
 882.000000 -2.09873 2.6703 -45.5894 1.4365 0.838925 0.110065 508.237 37
 883.000000 -2.25696 2.86766 -37.3356 2.20417 0.840981 0.110097 509.237 37
 884.000000 -2.5781 3.09231 -30.7818 3.00013 0.844857 0.110049 510.102 37
 885.000000 -2.69009 2.61392 -31.3084 2.25981 0.847006 0.110061 511.102 37
 886.000000 -2.14921 2.42673 -27.4455 1.66611 0.848098 0.110134 512.062 37
 887.000000 -2.34793 2.63837 -33.0576 3.05256 0.852084 0.110073 512.906 37
 888.000000 -2.67362 2.88423 -38.043 2.42255 0.854543 0.110114 513.899 37
 889.000000 -2.47648 -3.08015 -11.4595 3.31514 0.859252 0.110235 514.599 37
 890.000000 -2.58989 2.29111 -20.9893 3.00585 0.863069 0.110198 515.465 37
 891.000000 -2.59078 2.39094 -36.4254 3.04824 0.866985 0.110162 516.315 37
 892.000000 -2.19162 2.69879 -12.656 1.90249 0.868422 0.110182 517.3 37
 893.000000 -0.781102 1.55281 -12.7624 -10.3943 0.865661 0.110182 517.313 37
 894.000000 1.34925 -1.04077 -23.2868 -5.44286 0.863095 0.110194 517.403 37
 895.000000 -0.901632 -0.400546 -21.0286 -4.62384 0.860618 0.1102 517.527 37
 896.000000 -0.82434 2.10478 -13.2341 -8.19556 0.85791 0.110205 517.557 37
 897.000000 -3.03456 2.85956 -30.0995 -3.36283 0.855642 0.11019 517.758 37
 898.000000 -2.98492 2.72938 -14.1071 -2.12646 0.853706 0.11018 518.076 37
 899.000000 -2.02657 2.8885 16.9032 1.15914 0.854067 0.110221 518.954 37
 900.000000 -1.71412 2.24174 -30.2148 1.68915 0.855168 0.110299 519.917 37
 901.000000 -2.71029 3.04716 -41.0577 2.18881 0.857122 0.110287 520.916 37
 902.000000 -1.72341 1.97032 -19.6545 1.66441 0.858177 0.110343 521.875 37
 903.000000 -2.67119 2.61058 -35.1342 2.54909 0.860852 0.110393 522.857 37
 904.000000 -2.23017 2.56167 -36.6448 2.10613 0.862636 0.110402 523.854 37
 905.000000 -2.23514 2.35636 -5.1611 2.17898 0.864549 0.110411 524.854 37
 906.000000 -2.83643 2.84244 -7.49197 0.617841 0.86429 0.110427 525.628 37
 907.000000 -2.67257 2.68409 -34.6731 2.57608 0.866997 0.11047 526.605 37
 908.000000 -2.09824 2.32582 -18.6061 1.47193 0.86775 0.110512 527.537 37
 909.000000 -2.01903 2.48768 -17.4266 1.13505 0.86806 0.11054 528.411 37
 910.000000 -3.0442 2.55446 -10.6927 -3.54753 0.865788 0.110527 528.599 37
 911.000000 -0.564684 2.54005 14.0538 -16.2257 0.863054 0.110527 528.6 37
 912.000000 -1.09733 0.285544 -23.9176 0.896357 0.863091 0.110514 529.43 37
 913.000000 -1.77262 1.02057 -43.7103 1.30651 0.863622 0.110494 530.335 37
 914.000000 -0.70134 0.623947 -3.99884 -12.4648 0.860907 0.110494 530.341 37
 915.000000 -1.55748 1.17661 -31.8406 3.09893 0.86486 0.11068 531.165 37
 916.000000 -1.17963 2.45632 -19.4432 2.11361 0.866627 0.110703 532.163 37
 917.000000 -1.25978 2.29271 -37.7803 3.17906 0.870773 0.110697 532.947 37
 918.000000 -1.18861 0.291332 -11.3365 2.31827 0.872907 0.110741 533.946 37
 919.000000 -1.39522 0.85605 -40.1221 3.58398 0.878229 0.11083 534.428 37
 920.000000 -1.4691 1.0391 -42.2316 3.47813 0.883196 0.110805 535.013 37
 921.000000 -1.21863 0.984832 -30.8504 2.7437 0.886192 0.110946 535.963 37
 922.000000 -1.22506 1.12974 -43.5195 2.87517 0.889487 0.111113 536.879 37
 923.000000 -1.69453 1.12272 -18.0976 1.89952 0.890834 0.111082 537.863 37
 924.000000 -1.44715 0.850229 -34.8304 3.5348 0.895915 0.111083 538.404 37
 925.000000 -1.43505 1.0129 -14.7153 3.59537 0.901166 0.111111 538.894 37
 926.000000 -1.28448 0.614629 -24.673 3.5092 0.906125 0.11107 539.468 37
 927.000000 -1.16867 0.653774 -37.6508 2.20857 0.907968 0.111062 540.467 37
 928.000000 -1.24619 0.689162 -30.218 3.20536 0.912024 0.111107 541.255 37
 929.000000 1.10541 -0.619345 -24.1658 -0.620261 0.910793 0.1111 541.786 37
 930.000000 1.01347 -0.337673 -35.6475 -0.801441 0.909462 0.111101 542.286 37
 931.000000 1.07962 -0.40804 -16.023 -0.480959 0.908318 0.111089 542.842 37
 932.000000 0.798941 -0.785729 -3.31921 -4.44623 0.905956 0.11111 542.973 37
 933.000000 1.45247 -0.717878 -0.302216 -9.66086 0.903322 0.11112 542.99 37
 934.000000 1.06538 -0.74976 -35.4386 -0.44439 0.902208 0.111107 543.552 37
 935.000000 0.945506 -0.51908 -13.1249 -1.36102 0.900619 0.111138 543.966 37
 936.000000 1.01208 -0.797479 -18.4992 -0.644283 0.899389 0.11114 544.494 37
 937.000000 0.60655 -0.417829 -13.6617 -9.45544 0.89677 0.111145 544.512 37
 938.000000 0.818485 -0.474648 -26.4624 -3.75722 0.894524 0.111181 544.683 37
 939.000000 1.03367 -0.541531 7.32309 -0.449934 0.893418 0.111175 545.245 37
 940.000000 1.2719 -1.03612 -20.4527 -3.18945 0.891282 0.1111 545.458 37
 941.000000 1.02858 -1.03478 -17.2365 -0.42519 0.890196 0.111094 546.025 37
 942.000000 0.68219 -0.369834 -29.0635 -7.59249 0.887638 0.111091 546.063 37
 943.000000 0.759234 -0.372405 -25.3195 -5.48763 0.8852 0.111094 546.151 37
 944.000000 0.889575 -0.537365 -14.787 -2.00488 0.883388 0.111084 546.481 37
 945.000000 1.02062 -0.787091 -36.3827 -0.42108 0.882314 0.111081 547.049 37
 946.000000 0.731058 -0.724189 -9.59927 -6.2243 0.879831 0.11108 547.115 37
 947.000000 0.14182 -0.20578 14.5418 -27.8336 0.877199 0.11108 547.115 37
 948.000000 1.31195 -0.665685 -33.2 -4.46093 0.874879 0.11112 547.246 37
 949.000000 0.775275 -0.0927147 -11.8714 -4.86851 0.872514 0.111127 547.358 37
 950.000000 2.00019 -0.444892 28.8509 -39.9873 0.86989 0.108203 547.358 38
 951.000000 -1.11734 0.234795 -1.64417 1.53326 0.870688 0.108173 548.295 38
 952.000000 -1.21137 1.44472 -35.7871 2.90941 0.873996 0.10828 549.204 38
 953.000000 1.18899 -0.439052 -34.6546 -1.15947 0.872538 0.108549 549.649 38
 954.000000 1.77392 -1.1781 8.04257 -31.881 0.869924 0.111482 549.649 37
 955.000000 -1.46016 1.00519 -33.506 3.55219 0.874958 0.111458 550.181 37
 956.000000 0.014373 -0.624333 11.8641 -28.9631 0.87235 0.111458 550.181 37
 957.000000 -0.235304 -0.752292 -6.82159 -27.3154 0.869745 0.111458 550.181 37
 958.000000 -0.78185 2.20205 -12.783 -10.227 0.867173 0.111458 550.194 37
 959.000000 -0.11489 -0.613426 8.55154 -28.5071 0.864573 0.111458 550.194 37
 960.000000 0.966503 -0.951922 -38.613 -0.875276 0.86327 0.111516 550.683 37
 961.000000 1.106 -0.503181 -24.169 -0.271462 0.862322 0.111513 551.278 37
 962.000000 -2.53847 3.0799 -19.5765 3.09515 0.866069 0.111483 552.117 37
 963.000000 -1.87144 2.26446 -37.1149 0.277891 0.865525 0.11145 552.818 37
 964.000000 -1.85608 1.63899 -24.8723 0.474045 0.86515 0.111413 553.558 37
 965.000000 -0.562161 1.65509 -0.978821 -16.3429 0.862569 0.111413 553.559 37
 966.000000 -1.15797 1.68091 1.98035 2.19064 0.864382 0.11139 554.558 37
 967.000000 1.07891 -1.03288 -26.1022 -0.159681 0.863514 0.111382 555.174 37
 968.000000 1.47996 -0.97679 -8.72061 -11.1984 0.860959 0.111379 555.183 37
 969.000000 1.91648 -1.50899 25.1096 -39.243 0.858386 0.108448 555.183 38
 970.000000 -0.000447356 -0.552035 14.6169 -28.7554 0.855816 0.108448 555.183 38
 971.000000 -1.19998 0.521611 -40.3446 2.82312 0.858895 0.108506 556.117 38
 972.000000 -1.85144 2.02523 -10.1768 0.62763 0.858668 0.108469 556.888 38
 973.000000 -2.4977 2.60757 -39.741 3.23502 0.862743 0.108516 557.656 38
 974.000000 -2.81405 2.77856 -36.8397 0.907127 0.862789 0.108571 558.481 38
 975.000000 -2.6016 2.53999 -38.8495 2.99444 0.866238 0.108556 559.362 38
 976.000000 -2.05061 2.46232 -17.5138 1.2248 0.866633 0.108636 560.248 38
 977.000000 -2.58394 2.94875 -46.3788 3.12461 0.870386 0.108601 561.075 38
 978.000000 -2.41779 2.79635 -39.6067 3.27505 0.874515 0.108564 561.822 38
 979.000000 -2.55688 2.73516 -22.9548 3.25958 0.878589 0.10852 562.581 38
 980.000000 -2.72299 2.58441 -27.002 2.09165 0.880181 0.108502 563.577 38
 981.000000 -2.56008 2.77807 -19.7491 3.28964 0.884311 0.108457 564.319 38
 982.000000 -2.86541 2.70539 -34.9023 0.0728453 0.883606 0.108438 564.977 38
 983.000000 -2.844 2.80941 -3.55008 0.497899 0.883243 0.108438 565.719 38
 984.000000 -3.13199 2.90631 -8.81616 -6.87456 0.880823 0.108442 565.77 38
 985.000000 -2.45334 2.83573 -8.53537 3.34633 0.885087 0.108482 566.477 38
 986.000000 -2.29065 2.63132 -20.6437 2.42466 0.887243 0.108554 567.473 38
 987.000000 -2.70861 2.87367 -30.1284 2.25927 0.889094 0.108541 568.473 38
 988.000000 -2.38845 2.76838 -31.0515 3.25876 0.89309 0.108476 569.237 38
 989.000000 2.96145 2.80721 11.0077 -16.8202 0.890572 0.108477 569.238 38
 990.000000 -2.79551 3.06283 -15.5966 1.28827 0.891007 0.10858 570.131 38
 991.000000 -2.29109 2.60459 -33.2858 2.49378 0.893272 0.108655 571.123 38
 992.000000 -2.58001 2.65635 -33.082 3.24031 0.897194 0.108616 571.899 38
 993.000000 -2.08409 2.57654 -24.038 1.33039 0.89767 0.108609 572.799 38
 994.000000 -2.43823 2.54624 -25.1578 3.39909 0.901993 0.108607 573.476 38
 995.000000 -2.20446 2.35959 -26.4199 1.99049 0.903362 0.108607 574.464 38
 996.000000 -2.35717 2.86485 -33.8701 3.14159 0.906995 0.10855 575.294 38
 997.000000 -2.55538 2.51166 -18.814 3.35617 0.911164 0.108508 576.004 38
 998.000000 -1.87668 1.96266 -13.3116 0.357547 0.910667 0.108483 576.715 38
 999.000000 -1.28043 1.08971 -47.5888 3.50238 0.915219 0.10846 577.319 38
 1000.000000 -1.59073 0.289866 -33.8464 2.74839 0.917922 0.108496 578.278 38
