#! FIELDS time phi1 phi2 phi3 psi1 psi2 psi3 ene
#! SET min_phi1 -pi
#! SET max_phi1 pi
#! SET min_phi2 -pi
#! SET max_phi2 pi
#! SET min_phi3 -pi
#! SET max_phi3 pi
#! SET min_psi1 -pi
#! SET max_psi1 pi
#! SET min_psi2 -pi
#! SET max_psi2 pi
#! SET min_psi3 -pi
#! SET max_psi3 pi
 0.000000 -1.58318 -1.34563 -1.92895 2.84126 -0.0520712 0.308949 104.182
 1.000000 -1.29402 -1.11862 -2.12722 1.43224 0.231069 0.13773 81.507
 2.000000 -0.920457 -1.48952 -1.73607 -0.330204 -0.358933 0.766348 103.727
 3.000000 -0.923974 -1.25212 -2.62578 -0.611508 -0.0246013 -0.236349 61.9628
 4.000000 -1.18864 -1.34663 -2.03912 0.104558 -0.308959 0.37751 42.6628
 5.000000 -1.35573 -1.17424 -1.41895 0.403215 -0.125176 0.537238 82.7716
 6.000000 -1.4949 -1.2259 -1.16438 0.504459 -0.382698 0.541715 92.3177
 7.000000 -1.22868 -1.40126 -1.82075 -0.318307 0.00369713 -0.296899 107.246
 8.000000 -1.07743 -1.20323 -2.07707 -0.115848 -0.0764259 0.600492 98.9907
 9.000000 -1.18985 -1.64917 -1.86446 0.144694 0.0194875 1.12554 95.795
 10.000000 -1.24453 -1.5382 -1.57759 0.0390189 -0.422392 0.683527 61.4333
 11.000000 -1.2132 -1.41675 -1.15275 -0.0326192 -0.17174 0.475438 52.8394
 12.000000 -1.0262 -1.21016 -1.68646 -0.291481 -0.225801 -0.0968254 62.154
 13.000000 -1.05447 -1.36961 -1.89683 -0.200983 -0.386644 0.222121 62.4042
 14.000000 -0.997247 -1.35564 -1.37372 -0.196225 -0.195009 0.235378 69.687
 15.000000 -1.23331 -1.44529 -1.37035 0.176809 0.0423408 0.351373 73.5549
 16.000000 -1.10862 -0.890942 -2.27917 -0.450624 -0.464073 0.544915 80.9476
 17.000000 -1.12378 -1.29556 -0.898923 -0.0529056 -0.513807 -0.215988 84.9377
 18.000000 -1.09048 -1.32612 -2.0549 -0.737477 0.0915103 0.00652563 55.599
 19.000000 -1.02786 -1.20639 -1.40479 -0.50557 -0.0217161 -0.182945 71.6702
 20.000000 -1.07904 -1.23243 -1.1851 0.163682 -0.499051 0.635818 82.3546
 21.000000 -1.14651 -0.754401 -1.67864 -0.335864 -0.5307 0.104671 82.4081
 22.000000 -1.02427 -1.29817 -1.2574 -0.165896 -0.412525 -0.129769 67.3763
 23.000000 -0.679884 -1.05083 -1.30018 -0.47206 -0.428274 0.035066 66.8294
 24.000000 -1.07916 -1.30438 -1.45248 -0.0683043 0.00598991 -0.0280318 68.2139
 25.000000 -1.07344 -1.13577 -1.89966 -0.0914401 -0.006816 0.0829082 99.8535
 26.000000 -1.29782 -1.70405 -1.38922 0.0247764 -0.185295 0.951716 70.6122
 27.000000 -1.27318 -1.27777 -1.55118 -0.124845 -0.307397 -0.0212952 47.4458
 28.000000 -1.03144 -1.02638 -1.38458 0.0495917 -0.598807 0.178279 71.1443
 29.000000 -1.06862 -1.39604 -1.77845 -0.479185 -0.362189 0.365617 85.309
 30.000000 -1.63916 -2.03775 -2.40914 0.514871 -0.472793 -0.361516 72.7922
 31.000000 -0.847596 -1.87519 -2.12984 0.0628544 -0.101327 0.27695 53.7839
 32.000000 -1.38983 -1.44154 -1.32594 -0.0992655 -0.148004 0.695179 69.8923
 33.000000 -0.830718 -1.35852 -1.24094 -0.00985045 -0.317945 0.792944 88.4194
 34.000000 -0.976326 -1.30176 -1.96899 -0.401013 -0.210275 0.175854 73.8204
 35.000000 -1.22702 -1.41597 -1.57561 -0.0689817 -0.0253526 -0.068695 79.7439
 36.000000 -1.16898 -1.09483 -1.43175 -0.106727 -0.256395 0.219968 80.3363
 37.000000 -1.05543 -0.982909 -2.08867 0.174578 -0.498091 0.795725 80.0336
 38.000000 -1.39599 -2.00824 -1.57155 0.539178 0.304856 1.16333 61.3538
 39.000000 -1.26986 -1.08378 -1.44868 0.19632 -0.603183 1.26812 91.4602
 40.000000 -1.29473 -1.03761 -1.56339 -0.006432 -0.469468 0.682631 91.4321
 41.000000 -1.39901 -0.970233 -1.46123 -0.0860071 -0.420768 0.825843 57.0414
 42.000000 -1.12627 -1.14094 -1.4502 -0.205573 -0.418256 0.211955 68.2493
 43.000000 -1.19999 -1.2883 -1.17027 -0.0226796 -0.364416 -0.0176508 76.5211
 44.000000 -1.19033 -1.0516 -1.13389 -0.100965 -0.449643 -0.510946 81.8329
 45.000000 -1.0422 -1.11892 -1.25681 -0.449727 -0.00810393 -0.238627 69.9521
 46.000000 -1.30521 -1.03615 -2.33885 0.0131345 -0.0568811 0.504185 55.7332
 47.000000 -1.09173 -1.4551 -1.39226 -0.187051 -0.152596 -0.0249703 37.3107
 48.000000 -0.976332 -1.3207 -1.70605 -0.459966 -0.314702 0.238866 81.8832
 49.000000 -1.14319 -0.812702 -1.44421 -0.058311 -0.482485 0.188268 58.0338
 50.000000 -1.11308 -1.05367 -1.61388 -0.435005 -0.305122 -0.252841 46.2424
 51.000000 -1.41219 -1.05894 -1.96054 -0.320231 0.0282761 0.207541 73.9951
 52.000000 -1.11908 -1.63333 -1.69763 -0.332108 -0.128874 0.0347993 46.5906
 53.000000 -0.869381 -1.04331 -1.68519 -0.363091 -0.320652 0.1496 69.8915
 54.000000 -0.902507 -1.08829 -2.32341 -0.39684 -0.098107 0.156337 64.9846
 55.000000 -1.24785 -1.42489 -1.50185 0.114934 -0.45776 0.598411 116.676
 56.000000 -1.33059 -1.6302 -1.44212 -0.0690721 0.15703 0.595919 65.9757
 57.000000 -1.36487 -1.33868 -1.50674 -0.14534 -0.122123 0.125281 61.7699
 58.000000 -1.04559 -1.07914 -1.66249 -0.13658 -0.408255 0.585023 60.8616
 59.000000 -1.28781 -1.26839 -1.49947 0.038593 -0.136095 -0.0847227 82.0492
 60.000000 -0.868451 -1.09366 -1.47043 -0.175518 -0.340348 -0.00202625 56.8231
 61.000000 -1.0806 -1.28653 -1.50886 -0.149391 -0.097585 -0.138529 74.8159
 62.000000 -0.958015 -0.688743 -1.97176 -0.3412 -0.563351 0.407938 61.4415
 63.000000 -0.953329 -1.0768 -1.638 -0.343611 -0.250015 0.772435 52.7838
 64.000000 -0.887468 -1.27366 -1.54404 -0.097302 -0.56057 0.883961 44.7642
 65.000000 -1.33188 -1.42979 -1.46363 0.820878 -0.195197 0.107206 75.9335
 66.000000 -1.43324 -1.15151 -2.34914 1.04237 -0.0202509 0.286898 76.64
 67.000000 -1.48639 -1.24866 -2.07046 0.992872 0.349998 0.0121589 44.6232
 68.000000 -1.38457 -1.2962 -1.54241 0.139206 -0.0445784 0.104042 77.6351
 69.000000 -0.803861 -1.99593 -1.65212 0.0671213 -0.217576 1.10614 74.6169
 70.000000 -1.1236 -1.6958 -1.44108 0.321692 -0.00664797 0.826568 53.0778
 71.000000 -1.29149 -1.36504 -1.67842 0.628435 0.0227491 -0.0245287 65.485
 72.000000 -1.17972 -0.895322 -1.66385 0.896471 -0.432954 0.114302 71.3426
 73.000000 -1.39071 -1.30324 -1.59952 0.488586 -0.197408 0.749018 96.6274
 74.000000 -1.17832 -1.24189 -1.95489 -0.507723 -0.0590643 -0.078966 87.0648
 75.000000 -1.06169 -1.18385 -1.21252 -0.426495 -0.224637 -0.119206 75.2803
 76.000000 -0.994083 -1.37019 -1.78231 -0.479065 -0.125829 0.0352538 56.7043
 77.000000 -0.826229 -1.10906 -1.28726 -0.443234 -0.120365 -0.095775 54.33
 78.000000 -0.959688 -0.943284 -1.79702 -0.323272 -0.520785 0.368899 57.1832
 79.000000 -1.10177 -1.05966 -1.47301 -0.223679 -0.225206 -0.199989 60.3408
 80.000000 -0.956419 -1.29314 -2.17499 -0.172994 -0.0211112 0.390642 46.7906
 81.000000 -1.01774 -1.05122 -1.62903 -0.310574 -0.225944 0.280026 84.4558
 82.000000 -1.20606 -1.25972 -1.93562 -0.244235 -0.172663 0.108954 73.403
 83.000000 -0.644897 -1.08418 -1.67648 -0.773755 -0.371688 0.161484 67.16
 84.000000 -1.0687 -1.46328 -1.46929 -0.219154 0.0382627 -0.200453 48.8956
 85.000000 -1.29313 -1.49598 -1.58499 -0.079704 -0.17251 -0.101751 62.44
 86.000000 -1.24497 -1.06323 -1.54204 -0.393694 -0.546749 0.506855 47.825
 87.000000 -1.19507 -1.02508 -1.58272 0.00175168 -0.466172 0.578587 61.6636
 88.000000 -0.949258 -1.30162 -1.31268 -0.0513217 -0.27378 0.222171 55.1509
 89.000000 -1.1427 -0.901341 -1.99043 -0.0825739 -0.568196 0.544323 59.4485
 90.000000 -1.27559 -1.20741 -1.27002 0.0389794 -0.317575 -0.0171362 58.7966
 91.000000 -1.12505 -1.05655 -2.07791 -0.904085 -0.158359 0.136253 70.7173
 92.000000 -1.24252 -0.942642 -1.46074 -0.084793 -0.273567 0.975236 76.5954
 93.000000 -1.17186 -0.982407 -1.42272 0.234036 -0.391388 -0.0835541 82.2281
 94.000000 -0.819796 -1.69036 -2.06224 -0.590464 0.0492401 0.0772025 59.2487
 95.000000 -1.11798 -1.3698 -2.63808 0.0271453 -0.261416 -0.400437 71.9045
 96.000000 -0.946794 -1.25307 -1.91265 -0.371748 -0.197243 0.394234 71.5314
 97.000000 -0.822275 -1.28174 -1.36957 -0.460436 -0.348408 0.0303138 58.7265
 98.000000 -0.628834 -0.942057 -1.69844 -0.793795 -0.304103 0.0386427 76.6979
 99.000000 -1.22047 -1.13224 -1.25172 -0.344198 -0.31261 -0.273103 121.076
 100.000000 -1.09679 -0.904694 -1.60722 -0.351283 -0.656675 0.160564 87.249
 101.000000 -0.901449 -1.14586 -1.44556 -0.0829665 -0.471198 0.542792 87.1105
 102.000000 -0.803509 -1.22597 -2.08225 -0.31535 0.0502834 0.118895 56.4621
 103.000000 -1.06645 -1.30515 -1.46356 -0.124858 -0.257271 -0.165231 77.6342
 104.000000 -0.975032 -0.989488 -1.613 -0.251894 -0.658703 0.106978 49.2034
 105.000000 -1.06583 -1.14537 -1.0748 -0.102551 -0.551692 0.222452 89.4562
 106.000000 -1.03301 -1.0591 -1.63299 -0.242994 -0.433301 0.284882 96.5831
 107.000000 -1.21574 -1.18936 -1.36883 -0.103402 -0.372531 -0.0611792 78.8744
 108.000000 -0.942033 -1.12492 -1.72338 -0.404763 -0.156633 0.124934 76.7609
 109.000000 -1.04567 -1.22265 -1.74541 -0.462764 -0.152159 0.110007 118.654
 110.000000 -0.926106 -1.06101 -2.01283 -0.375959 -0.251532 0.406627 73.2542
 111.000000 -1.13887 -1.52882 -1.74645 0.247394 -0.239888 -0.103552 78.9509
 112.000000 -1.29294 -1.49807 -1.19174 -0.238636 0.145798 -0.677471 93.3818
 113.000000 -1.05299 -1.40306 -2.27204 -0.393366 -0.109637 0.55601 57.7276
 114.000000 -0.890798 -1.37428 -1.21634 -0.280274 -0.0998116 -0.235212 83.1545
 115.000000 -1.16252 -1.81691 -2.70534 0.0307522 0.0149107 -0.775986 80.6019
 116.000000 -0.820745 -0.609538 -1.56318 -0.368456 -0.622635 -0.0856731 93.4016
 117.000000 -1.29119 -1.0799 -1.51319 -0.175381 -0.504354 -0.145857 48.2498
 118.000000 -0.943792 -1.27652 -2.16226 -0.551354 0.104135 -0.0297084 69.5587
 119.000000 -1.56889 -1.19608 -1.31833 -0.10859 -0.358543 -0.321292 95.6913
 120.000000 -1.01429 -1.24394 -1.94113 -0.394286 -0.137289 -0.18123 74.6492
 121.000000 -0.982508 -1.72402 -1.50284 0.0565111 -0.159899 0.501082 58.4632
 122.000000 -1.18521 -2.45162 -1.27624 0.214002 0.00385247 0.636803 97.5242
 123.000000 -1.12626 -1.28509 -1.6042 -0.187411 0.043652 0.304999 83.6349
 124.000000 -1.11167 -1.33112 -1.83686 -0.476634 -0.229303 -1.01102 95.9791
 125.000000 -0.941253 -1.08195 -1.54211 -0.653543 -0.438992 -0.613717 87.4385
 126.000000 -1.12451 -1.47406 -1.89761 -0.333573 0.251853 -0.0247729 106.436
 127.000000 -0.999584 -1.19802 -2.23926 -0.303603 -0.134572 0.192054 69.3339
 128.000000 -1.19029 -0.844703 -1.33562 -0.0468772 0.0246421 -0.00297033 96.4707
 129.000000 -0.845474 -1.3016 -1.98069 -0.695448 -0.382289 0.739548 94.666
 130.000000 -1.43635 -2.03068 -0.931617 0.987161 -0.192548 1.36823 92.7427
 131.000000 -0.998109 -1.35106 -1.91707 0.76433 -0.358776 0.396075 54.4158
 132.000000 -1.29708 -1.24152 -1.25953 1.41365 0.184081 0.107495 63.6896
 133.000000 -1.31803 -1.2107 -1.25541 0.730867 1.37584 1.58561 80.9459
 134.000000 -1.37629 -0.887808 -1.33467 0.706102 2.35324 2.10649 73.4109
 135.000000 -2.80945 -2.41289 -2.37281 2.53757 2.92871 2.45078 76.793
 136.000000 -2.52427 -2.1987 -2.61995 3.04076 2.60513 2.74225 70.0426
 137.000000 -2.57879 -1.6345 -2.74393 2.74511 2.13371 2.68403 66.908
 138.000000 -2.64333 -1.15533 -3.08432 2.73878 2.61817 2.54261 111.363
 139.000000 -2.17504 -2.86068 -1.51342 2.64007 2.65552 2.75313 62.9764
 140.000000 -1.92574 -2.27987 -2.59164 0.541693 2.30673 2.78519 86.4095
 141.000000 -1.44682 -2.43029 -1.47112 0.251829 2.06754 2.30156 82.3457
 142.000000 -1.6603 -2.12807 -1.27236 2.46013 -2.97678 2.48779 84.9257
 143.000000 -2.54887 -1.4925 -2.50615 3.033 1.55396 2.88888 86.9122
 144.000000 -1.57756 -0.980005 -1.61522 2.66373 -0.467769 0.43991 74.4884
 145.000000 -1.55697 -1.65001 -1.55018 0.365645 0.848607 1.16943 87.809
 146.000000 -1.18834 -2.19033 -1.46023 -0.356087 2.33666 0.746414 88.235
 147.000000 -1.27142 -2.40945 -1.29595 -0.0909145 2.74419 1.0075 77.7139
 148.000000 -1.28452 -2.77469 -2.24354 0.481434 2.22468 1.17737 110.546
 149.000000 -0.947982 -2.78131 -1.64313 -0.251729 2.83366 0.982813 68.9219
 150.000000 -1.07148 -2.0704 -1.38196 0.306711 2.50251 0.49201 96.1967
 151.000000 -1.5117 -2.28696 -1.30335 0.934695 3.01703 0.892183 95.7793
 152.000000 -1.72925 -0.955435 -1.33681 1.03829 2.32275 0.351064 96.7257
 153.000000 -1.46703 -1.26428 -1.52389 1.01369 0.375369 1.32653 76.4655
 154.000000 -1.43606 -1.7576 -1.37431 0.845704 -0.483358 0.424107 85.6423
 155.000000 -1.03911 -2.04496 -2.53266 -0.14806 0.371735 0.0931922 65.4877
 156.000000 -0.819628 -1.03564 -2.20168 -0.45884 -0.40291 -0.0712761 45.5745
 157.000000 -0.716527 -1.06844 -1.74606 -0.498914 -0.368298 0.636156 74.603
 158.000000 -1.38999 -0.835153 -1.46681 0.48382 -0.0810503 -0.289085 81.3453
 159.000000 -1.53313 -1.40111 -1.20107 0.495798 0.124152 -0.482425 90.4815
 160.000000 -1.29203 -1.82348 -2.47195 -0.408108 0.679138 -0.610001 66.7167
 161.000000 -1.19585 -1.25491 -2.5285 -0.636261 0.354762 -0.987502 58.3746
 162.000000 -1.13151 -1.08652 -2.28188 -0.544142 -0.129716 0.0334256 62.5793
 163.000000 -0.984599 -1.22996 -1.73431 -0.16177 -0.383738 -0.181725 87.9724
 164.000000 -1.25887 -1.16719 -1.65619 0.203242 -0.2076 -0.142356 58.3578
 165.000000 -1.41524 -1.32381 -2.54607 -0.210367 0.17241 -0.136581 102.278
 166.000000 -1.28647 -1.33239 -1.53582 -0.344848 0.00366936 -0.131719 84.2448
 167.000000 -0.953876 -1.69164 -2.50862 -0.402983 -0.0037756 0.050383 58.2718
 168.000000 -1.24094 -1.36663 -2.06077 -0.308015 0.0204101 0.626574 54.9276
 169.000000 -0.838315 -1.05249 -1.13932 -0.410765 -0.242756 -0.25746 50.0024
 170.000000 -0.703594 -1.40245 -1.77345 -0.782834 -0.30923 0.362769 78.1077
 171.000000 -1.30746 -1.0016 -1.35862 0.780442 -0.385271 -0.25568 59.1424
 172.000000 -1.30173 -1.11262 -1.62841 1.13753 -0.119499 0.029387 69.1713
 173.000000 -1.03896 -1.45677 -1.4022 -0.33404 0.0189639 0.875351 73.0945
 174.000000 -1.06119 -1.63122 -1.36733 -0.408098 0.0825049 0.731418 51.745
 175.000000 -1.14337 -1.05777 -2.46015 0.630915 -0.383076 0.25038 117.143
 176.000000 -1.56213 -1.25698 -1.4866 0.98351 0.0782001 0.243577 66.1711
 177.000000 -1.47305 -1.04665 -2.26973 0.672245 -0.434042 0.336204 82.152
 178.000000 -1.11566 -1.3629 -1.09019 -0.150189 0.0474773 -0.0770314 63.3157
 179.000000 -1.35535 -1.17716 -2.18487 0.285902 -0.920034 0.115646 102.644
 180.000000 -1.11201 -1.02533 -1.47946 -0.037817 -0.286828 0.82792 78.83
 181.000000 -1.45926 -1.28514 -2.06878 1.85429 -0.264907 0.705556 84.1563
 182.000000 -1.64181 -1.4634 -1.51354 2.66367 -0.119606 0.0515034 90.8618
 183.000000 -2.29095 -1.24467 -1.17208 3.03747 0.592337 0.267264 93.6023
 184.000000 -1.72343 -1.29129 -1.51933 2.54331 1.2584 0.0725948 67.5092
 185.000000 -1.32835 -1.27507 -1.50078 2.39791 0.743173 -0.258931 67.0778
 186.000000 -1.38898 -1.16042 -1.56027 1.19677 0.27824 0.139677 77.1342
 187.000000 -0.983023 -2.293 -1.46656 0.438446 0.442836 1.55255 96.6799
 188.000000 -0.945954 -1.71527 -2.15134 -0.441502 0.289967 0.130577 79.153
 189.000000 -1.00881 -1.35256 -1.59275 -0.490451 -0.25992 0.0784522 78.6676
 190.000000 -1.06166 -1.44245 -1.32878 0.0111768 -0.314731 0.418111 65.9406
 191.000000 -1.17515 -1.0428 -1.50847 -0.314496 -0.385391 -0.128925 65.3923
 192.000000 -1.41782 -1.17456 -1.75161 0.10933 -0.175887 0.00706056 65.5576
 193.000000 -1.27791 -1.46831 -2.07844 -0.0179605 -0.299308 -0.733375 77.3929
 194.000000 -0.720684 -1.42275 -2.05135 -0.745313 0.0551227 0.21975 105.713
 195.000000 -0.811953 -0.991648 -1.46691 -0.410101 -0.572506 -0.243607 98.385
 196.000000 -1.19331 -1.12086 -2.28662 -0.267804 -0.0592541 0.774031 89.4351
 197.000000 -1.23688 -1.5375 -1.5461 0.384649 -0.412487 0.743592 77.5129
 198.000000 -1.05889 -2.06261 -0.947781 -0.493015 0.470088 -0.437531 68.8771
 199.000000 -1.61637 -1.61069 -2.65847 0.726045 0.249087 2.51249 66.2314
 200.000000 -1.3558 -1.15765 -2.51816 1.19114 -0.15377 2.31041 57.4551
 201.000000 -1.33186 -1.83595 -1.68939 1.15681 -0.550723 2.10535 72.4043
 202.000000 -1.46284 -1.7076 -2.75794 0.887332 0.0722005 2.89135 99.1844
 203.000000 -1.62005 -1.55655 -2.66134 1.17476 0.686991 2.34255 99.9066
 204.000000 -1.9319 -1.11966 -1.948 1.39615 1.04936 2.76774 112.193
 205.000000 -1.31894 -1.4648 -2.55075 0.856145 1.65168 2.87657 102.063
 206.000000 -1.22261 -1.31319 -2.56363 1.49144 3.04267 2.99531 72.1428
 207.000000 -2.44979 -2.50751 -2.46884 2.25968 2.90037 2.77032 83.321
 208.000000 -2.04748 -1.52586 -1.20097 2.48644 2.641 2.47523 101.865
 209.000000 -2.39857 -2.17707 -1.39171 -3.09979 2.6438 2.08644 82.5854
 210.000000 -1.93401 -1.61096 -1.89481 2.88442 2.27981 2.70532 114.256
 211.000000 -2.23603 -2.64779 -2.73364 2.70317 2.49263 2.73473 58.0444
 212.000000 -2.1499 -2.44751 -1.08647 2.96906 3.13042 2.16907 110.298
 213.000000 -2.56767 -2.59059 -2.44236 2.8547 2.86219 2.60808 57.8203
 214.000000 -2.35781 -2.48668 -2.56669 -3.08282 2.66215 2.90342 74.5298
 215.000000 -2.12585 -2.37828 -2.33295 2.6363 2.78511 2.98983 90.0166
 216.000000 -1.87028 -2.58171 -2.05091 2.83327 2.72482 2.58135 118.164
 217.000000 -2.23023 -2.76276 -2.64366 2.66471 2.34645 2.93642 95.422
 218.000000 -2.4581 -1.32336 -1.88555 2.6155 2.71651 2.3265 129.42
 219.000000 -2.40013 -1.36562 -1.73444 2.5453 2.68937 1.57315 120.624
 220.000000 -2.47698 -1.09464 -2.40334 2.67696 2.20205 2.2162 91.1488
 221.000000 -2.52524 -1.46529 -2.61542 2.81433 0.80032 2.11447 79.0248
 222.000000 -1.999 -1.77398 -3.13947 2.84163 0.233378 2.92501 93.1796
 223.000000 -2.01314 -1.37145 -2.7028 2.94706 0.86493 2.54453 107.148
 224.000000 -2.39962 -1.10435 -1.65697 2.99293 0.781434 2.69484 82.2906
 225.000000 -2.49018 -1.61217 -2.94279 2.939 2.33855 -3.13768 73.7546
 226.000000 -1.8674 -1.66963 -1.81331 2.63169 2.37171 2.73783 92.4966
 227.000000 -2.13955 -2.7254 -1.35693 2.50979 -2.94848 0.794333 76.5394
 228.000000 -1.26179 -1.76254 -1.46209 1.75285 2.52144 0.751803 109.652
 229.000000 -1.95778 -1.6465 -1.37485 2.54015 1.37385 0.687751 104.843
 230.000000 -1.31616 -1.30159 -1.94814 2.55072 0.756228 1.18331 124.979
 231.000000 -2.38734 -1.34771 -1.22132 3.08561 -1.12097 1.78733 100.985
 232.000000 -2.53949 -1.35827 -0.771213 2.8908 0.844594 2.25286 90.6963
 233.000000 -2.55178 -2.0536 -1.65635 2.83221 2.29439 1.98718 72.6829
 234.000000 -2.46878 -2.7039 -1.14268 2.56351 2.1285 2.21328 107.195
 235.000000 -2.36837 -1.82719 -1.78843 2.56277 2.33587 1.48662 77.8297
 236.000000 -2.2821 -1.63476 -0.970613 2.99611 2.60806 1.91013 130.663
 237.000000 -2.63174 -1.264 -1.65971 2.68933 2.32267 0.481454 67.8851
 238.000000 -2.47227 -1.09612 -1.79739 2.32413 1.94062 2.45067 103.955
 239.000000 -2.03083 -1.32121 -2.14172 2.33765 2.56439 2.52652 97.2342
 240.000000 -2.75193 -2.7623 -2.42203 2.48306 2.69371 2.73252 66.7966
 241.000000 -1.20904 -0.984511 -2.60072 1.49506 2.61804 2.82566 107.868
 242.000000 -1.49977 -1.44443 -2.11957 0.731907 1.44112 2.4665 107.947
 243.000000 -1.43281 -1.26421 -2.35658 0.871245 1.55237 2.75259 105.792
 244.000000 -1.5331 -1.16222 -2.57587 1.47252 1.65929 2.63864 123.442
 245.000000 -1.15948 -1.19775 -2.61352 0.821631 2.74292 2.85931 97.2621
 246.000000 -1.78009 -2.60027 -2.30852 2.30153 2.63696 2.64642 87.2806
 247.000000 -2.31285 -1.77464 -2.31147 2.58102 2.8235 2.67299 63.322
 248.000000 -2.47838 -2.4539 -2.49604 2.68298 3.00028 3.09577 96.6227
 249.000000 -2.07799 -2.63709 -1.42924 2.90948 2.96908 2.50189 85.8792
 250.000000 -2.17159 -2.31615 -1.78295 2.68877 2.85212 2.38592 140.63
 251.000000 -2.68895 -2.49855 -2.82209 2.52706 2.81269 3.02983 96.9555
 252.000000 -2.05748 -1.80057 -2.10302 2.5333 2.89662 2.60465 88.6459
 253.000000 -2.44637 -1.12922 -1.10068 2.55884 2.47411 2.44055 87.3197
 254.000000 -2.78812 -1.92605 -2.63486 2.80538 1.83064 2.85143 82.9844
 255.000000 -2.85601 -1.17837 -1.45825 2.9027 0.961378 2.11984 88.0739
 256.000000 -1.33824 -1.26985 -1.08379 0.90172 0.943015 1.89378 111.471
 257.000000 -1.13588 -1.66609 -1.4243 0.129081 -0.0737932 1.45763 92.8719
 258.000000 -1.00385 -1.43316 -2.22479 -0.502726 -0.227859 0.761746 86.4382
 259.000000 -1.10982 -1.09928 -1.29131 0.0109877 -0.512818 0.257211 64.3887
 260.000000 -1.59618 -1.32282 -1.5558 1.44349 0.0639804 -0.400818 95.7011
 261.000000 -0.979286 -1.28189 -1.40765 0.411997 -0.32275 -0.180011 83.2579
 262.000000 -0.91511 -1.04931 -2.33516 -0.151993 -0.157428 0.43892 88.6147
 263.000000 -1.01001 -1.00534 -1.32251 -0.318171 -0.536584 0.248446 70.1628
 264.000000 -1.07677 -1.15878 -1.92305 -0.328519 -0.233168 0.333411 73.4734
 265.000000 -0.777262 -1.23763 -1.4969 -0.88217 -0.240299 0.24816 82.6961
 266.000000 -1.41132 -1.32243 -1.13246 0.031399 -0.0118092 0.504185 50.9523
 267.000000 -0.987885 -0.925924 -1.18558 -0.443665 -0.381261 -0.306104 56.5245
 268.000000 -1.28692 -1.66629 -1.29456 0.208278 -0.0632605 0.913161 68.4086
 269.000000 -0.869269 -1.00904 -1.47448 -0.411808 -0.259378 0.625374 69.386
 270.000000 -0.764963 -1.14693 -1.99265 -0.397405 -0.163065 0.425287 74.5449
 271.000000 -0.908878 -1.07237 -1.36155 -0.104701 -0.0862247 1.02996 63.4672
 272.000000 -1.12799 -1.59682 -1.39719 -0.537264 -0.0426203 1.10538 88.6306
 273.000000 -1.12365 -1.09292 -1.37327 0.135788 -0.464096 -0.267118 55.7418
 274.000000 -0.897652 -2.13257 -2.25159 -0.17804 0.29158 -0.401751 70.0773
 275.000000 -1.13154 -1.22461 -2.32457 0.0241291 -0.408104 0.149326 84.1868
 276.000000 -1.12156 -1.93313 -1.14861 0.729495 0.0994938 0.957445 95.3848
 277.000000 -1.08464 -1.24808 -1.60896 0.886276 -0.289621 0.886092 64.5246
 278.000000 -1.81546 -1.40594 -1.30603 1.0617 0.0887959 0.887972 77.4515
 279.000000 -1.43618 -1.49724 -1.52027 0.736498 0.937765 1.3724 97.6819
 280.000000 -1.09747 -1.2405 -1.34897 0.978629 0.324355 0.829845 110.326
 281.000000 -1.2767 -1.2176 -1.40117 0.410977 0.817717 0.713983 134.172
 282.000000 -1.26318 -1.35955 -1.4511 1.04433 1.08226 0.749578 101.616
 283.000000 -1.23737 -1.36014 -1.37362 0.525117 0.47527 1.08415 73.4944
 284.000000 -1.36506 -1.47257 -1.25459 0.512559 0.493434 1.29734 76.1578
 285.000000 -1.43265 -1.38574 -1.11883 1.43527 0.546014 0.473699 91.9187
 286.000000 -1.28897 -1.32889 -1.59103 0.253106 1.35249 0.763076 83.4456
 287.000000 -1.31996 -1.14433 -1.4409 0.64237 0.643243 0.193607 74.2388
 288.000000 -1.33777 -1.52863 -2.25288 0.766224 0.224433 0.347393 78.8188
 289.000000 -1.22428 -1.23461 -1.10887 -0.237434 -0.18604 -0.411192 93.9371
 290.000000 -1.28719 -1.18893 -2.26094 -0.0994775 -0.297819 0.503077 64.9716
 291.000000 -0.951805 -1.31081 -1.33484 1.14612 -0.250405 0.989474 80.1879
 292.000000 -1.62628 -1.50574 -1.67854 1.07544 1.1265 1.15835 69.7434
 293.000000 -1.54716 -1.06088 -1.2622 0.636514 0.912629 1.1628 87.1072
 294.000000 -1.33897 -1.3124 -2.20244 1.13242 0.507844 0.422001 71.9948
 295.000000 -1.21255 -1.40082 -1.24298 0.0713397 0.464306 0.863523 95.6333
 296.000000 -1.07818 -2.16221 -1.53079 -0.122064 -0.340127 0.804573 78.1271
 297.000000 -1.3095 -2.11714 -1.82311 0.961671 -0.628491 -0.42833 87.0027
 298.000000 -1.1864 -1.59392 -2.32864 -0.127553 0.0766656 -0.273523 68.9512
 299.000000 -1.15481 -1.08374 -1.43251 -0.355878 -0.483451 -0.22483 73.6283
 300.000000 -1.24499 -1.13909 -1.475 0.0154643 -0.358082 0.101062 78.2172
 301.000000 -1.25 -1.34288 -1.55096 0.0353699 -0.26723 -0.0484404 40.2166
 302.000000 -1.20967 -2.47702 -1.67238 0.160549 0.258229 2.27114 98.5636
 303.000000 -1.31424 -1.62367 -1.66376 0.712191 -0.174268 2.39886 92.6577
 304.000000 -1.11346 -1.21794 -2.65666 0.899965 -0.48819 2.8239 74.8405
 305.000000 -1.4741 -1.36159 -2.83369 0.789675 0.394413 2.59851 136.319
 306.000000 -1.30344 -1.6221 -2.38178 1.26757 -0.619217 2.75657 81.8337
 307.000000 -1.51983 -2.09276 -2.05397 1.1267 0.385761 -0.261853 143.448
 308.000000 -1.09602 -1.26469 -1.95045 1.12952 -0.279771 0.420407 62.9556
 309.000000 -1.60809 -1.55533 -2.21147 0.93903 0.665454 1.31793 88.8811
 310.000000 -0.980317 -1.16821 -1.31517 0.338248 0.661833 0.786206 100.32
 311.000000 -1.94655 -1.37596 -1.41801 1.48071 0.330196 1.02227 82.4967
 312.000000 -1.13153 -1.34343 -1.54281 0.936112 0.466249 0.882287 55.2169
 313.000000 -1.23681 -1.44107 -1.18239 0.793773 0.895375 0.733944 66.1448
 314.000000 -1.35177 -1.52105 -1.32441 2.00091 0.0922355 0.893089 77.5974
 315.000000 -1.42986 -1.0712 -1.81639 1.58224 0.0913222 -0.484126 92.7985
 316.000000 -1.31977 -1.53985 -2.43336 0.0546105 0.699876 0.0732739 86.817
 317.000000 -1.42006 -1.03154 -1.74729 0.0165612 -0.706 0.101137 110.667
 318.000000 -1.03456 -1.16956 -1.22871 0.0568307 -0.393327 1.40657 96.3911
 319.000000 -1.01311 -1.1573 -1.96782 -0.207368 -0.190022 0.318588 60.9127
 320.000000 -0.965567 -1.29724 -1.78391 -0.610527 -0.0247301 -0.141335 74.8217
 321.000000 -1.36749 -1.12267 -1.30248 1.04634 -0.2075 -0.436081 65.0537
 322.000000 -1.20789 -0.837162 -2.0251 0.593899 -0.369479 0.197276 84.3954
 323.000000 -1.37268 -0.957849 -1.2816 -0.0650276 -0.411719 -0.294245 78.7178
 324.000000 -1.05638 -1.09404 -1.13565 -0.568414 0.126202 -0.632108 101.647
 325.000000 -0.782815 -1.56837 -2.04469 -0.376743 -0.293881 -0.140213 87.2068
 326.000000 -0.55336 -1.20742 -2.39117 -0.640312 0.250244 0.631486 73.3129
 327.000000 -1.31511 -1.17596 -1.04221 0.259767 -0.400456 -0.170303 63.6778
 328.000000 -0.960238 -1.34884 -2.90471 0.0219392 0.073776 2.9038 94.7637
 329.000000 -0.931664 -1.72429 -1.36573 -0.0350436 0.575739 0.730726 53.6086
 330.000000 -0.808806 -1.30792 -1.41497 -0.00906888 -0.209094 1.46623 76.8409
 331.000000 -1.23874 -1.28229 -1.56897 -0.037453 -0.458691 0.280343 83.2872
 332.000000 -0.951717 -1.19123 -1.27672 -0.464036 -0.265406 -0.253071 101.813
 333.000000 -0.907575 -0.826131 -1.22236 -0.530429 -0.626734 0.538281 61.4485
 334.000000 -0.959089 -2.24245 -1.48432 -0.28682 0.782312 1.09295 103.096
 335.000000 -1.31464 -1.04089 -1.47125 -0.0900135 -0.417964 0.436039 48.8168
 336.000000 -0.957017 -1.00927 -1.58384 -0.491988 -0.0629318 0.0576375 53.259
 337.000000 -0.963924 -1.10677 -1.85867 -0.375792 -0.134346 0.202645 58.3829
 338.000000 -1.15326 -1.27733 -1.64779 -0.145078 -0.177154 0.167362 73.2993
 339.000000 -0.723406 -1.12995 -1.6661 -0.519221 -0.105858 -0.131053 81.0311
 340.000000 -1.00949 -1.27124 -1.3372 -0.320317 -0.151711 -0.25637 85.1892
 341.000000 -0.813686 -0.689846 -1.5087 -0.696912 -0.474269 0.121236 74.9374
 342.000000 -1.05602 -1.16818 -1.62227 -0.280274 -0.187599 0.117558 71.5622
 343.000000 -1.18052 -1.09806 -1.46422 -0.24419 -0.348955 0.272317 82.3219
 344.000000 -1.00811 -1.08919 -1.27879 -0.309492 -0.272759 -0.298061 79.4042
 345.000000 -1.11177 -0.827738 -1.62188 -0.372395 -0.534625 0.126144 68.6244
 346.000000 -0.953552 -1.37662 -1.40886 -0.21255 -0.253827 0.0585424 57.5753
 347.000000 -1.05431 -1.28453 -1.64959 -0.203267 0.0452451 -0.158673 91.6298
 348.000000 -1.12714 -1.10036 -1.67288 -0.224144 -0.11991 -0.0263523 68.0456
 349.000000 -1.22017 -1.1464 -1.31899 -0.370307 -0.1878 0.061917 67.7147
 350.000000 -1.1834 -1.67492 -1.61938 0.147551 -0.274835 0.167331 97.367
 351.000000 -1.55909 -1.49303 -1.26907 0.962864 -0.160928 0.504281 81.392
 352.000000 -0.993106 -1.25572 -2.27349 1.77064 0.655478 0.227782 92.9918
 353.000000 -2.13032 -1.01598 -1.40429 2.46252 -0.753918 0.793538 107.386
 354.000000 -1.94889 -1.16155 -1.39295 2.51008 1.47138 0.94355 83.2839
 355.000000 -2.48613 -1.82217 -1.38376 2.69494 2.82541 1.32962 92.8268
 356.000000 -1.94517 -2.46852 -1.34629 2.20874 2.7821 1.66307 83.0206
 357.000000 -1.62911 -0.954065 -1.48277 0.948436 1.85304 1.57284 89.3302
 358.000000 -1.23148 -1.40957 -1.14915 0.709176 -0.333184 1.22079 54.9184
 359.000000 -0.828686 -1.44942 -2.47293 -0.239858 -0.173283 -0.401333 84.4559
 360.000000 -1.08624 -0.981789 -2.12344 -0.188212 -0.636562 -0.393275 128.891
 361.000000 -0.439104 -1.24027 -2.15256 -1.22835 0.196747 0.0123414 91.83
 362.000000 -1.18507 -1.14356 -1.56228 -0.242529 0.211077 -0.616834 60.4525
 363.000000 -0.897431 -1.42035 -2.2515 -0.297675 -0.30626 -0.0194515 94.4453
 364.000000 -1.58347 -1.71855 -1.70193 0.219719 -0.0602314 0.303151 88.8093
 365.000000 -1.25017 -1.21476 -2.03862 -0.0995854 -0.144712 0.519119 46.3253
 366.000000 -1.50907 -2.31994 -2.41032 0.436256 0.267516 -1.00655 67.7801
 367.000000 -1.48928 -1.17811 -1.50145 0.445637 -0.423091 0.000263826 106.298
 368.000000 -1.43359 -0.919166 -1.96589 1.00755 -0.652335 0.393664 75.8674
 369.000000 -1.49799 -1.15355 -1.12363 0.409794 0.183941 -0.59466 71.0708
 370.000000 -1.32232 -2.3177 -1.62511 0.744174 0.00902155 1.58442 99.5587
 371.000000 -1.05885 -2.15544 -1.59371 0.114799 -0.103656 0.250845 93.4803
 372.000000 -0.892816 -1.14805 -1.19465 -0.194414 0.0266523 -0.349174 98.6383
 373.000000 -0.489365 -1.18998 -2.40756 -0.832681 0.0295696 0.55109 88.3277
 374.000000 -1.24618 -1.5535 -2.36372 0.397162 -0.371247 -0.268245 89.9764
 375.000000 -1.22402 -1.8232 -2.43358 -0.469295 0.0549574 -0.45028 92.93
 376.000000 -1.16911 -1.25382 -1.28044 0.210906 -0.135373 -0.120935 79.2241
 377.000000 -1.24378 -0.961039 -1.83195 -0.308431 -0.545418 0.0396581 66.4203
 378.000000 -1.13873 -1.25034 -2.27283 -0.124276 0.0120649 0.293112 82.2222
 379.000000 -1.14595 -2.04765 -1.29344 0.264923 0.0834325 1.16604 80.2055
 380.000000 -1.27627 -2.37163 -1.61917 0.411008 -0.0733117 0.593212 119.761
 381.000000 -1.63419 -1.32119 -1.25518 0.69301 -0.827154 0.117535 121.675
 382.000000 -1.3792 -1.4439 -1.8328 1.77855 0.325362 -0.38877 53.963
 383.000000 -1.63552 -0.893917 -2.00374 0.995746 -0.198295 0.144898 95.3867
 384.000000 -0.827239 -1.35449 -1.56723 -0.545445 -0.164781 0.197296 84.9437
 385.000000 -1.01813 -1.49109 -2.13722 -0.0770988 -0.17428 0.441757 70.4498
 386.000000 -1.08481 -1.38444 -1.45844 0.751051 -0.671388 1.26734 102.72
 387.000000 -1.08364 -1.02997 -1.94792 0.791931 -0.323984 0.077608 121.955
 388.000000 -1.23926 -1.06913 -1.4768 1.01932 -0.220709 0.0843792 63.6088
 389.000000 -1.37798 -1.44095 -1.2179 1.45907 1.44352 0.492023 111.237
 390.000000 -1.34769 -1.22843 -1.3783 1.28654 1.95271 0.752004 100.423
 391.000000 -1.30346 -1.64685 -1.41794 0.906553 2.8775 1.17805 69.8362
 392.000000 -1.42208 -1.64581 -1.51983 1.49067 2.08792 1.00477 90.9277
 393.000000 -1.47912 -1.38528 -1.37534 1.03142 0.901005 0.903287 88.4006
 394.000000 -0.935047 -1.13653 -1.46797 0.0351266 -0.465241 0.0150215 50.883
 395.000000 -1.15784 -1.6047 -2.33954 -0.1136 -0.157536 -0.666033 113.614
 396.000000 -1.12065 -1.70687 -2.82822 -0.281924 0.738614 -0.157049 90.3791
 397.000000 -0.969329 -1.22386 -1.59772 -0.283843 -0.183563 0.265858 32.938
 398.000000 -1.35051 -1.35907 -1.70363 0.689705 -0.292305 0.817273 93.1915
 399.000000 -1.30035 -1.36765 -1.72068 -0.279972 -0.141968 0.560773 77.9895
 400.000000 -0.838132 -1.56308 -2.32079 0.288318 0.709208 0.160705 86.7546
 401.000000 -1.26294 -0.643169 -1.821 1.18011 -0.589147 0.240231 54.9446
 402.000000 -1.16032 -1.60538 -1.47314 0.516849 0.984257 0.567763 89.2404
 403.000000 -1.42917 -1.20588 -1.4353 1.49741 0.749834 0.334043 72.2511
 404.000000 -1.02773 -0.943637 -1.40981 0.412795 -0.347327 -0.289891 78.5242
 405.000000 -1.27709 -1.29068 -1.53069 -0.0528507 0.0136489 1.1214 80.4833
 406.000000 -0.842431 -1.19189 -2.42227 -0.816952 0.320295 -0.033194 100.586
 407.000000 -0.920297 -1.25837 -1.54421 -0.422462 -0.197035 -0.0293195 82.6727
 408.000000 -0.987557 -1.25675 -2.07013 0.0247999 -0.0580983 0.606553 74.1437
 409.000000 -1.30358 -0.980716 -1.52666 0.0334721 -0.509863 -0.0405869 59.0171
 410.000000 -0.926517 -1.38039 -1.32517 -0.0316554 -0.437062 0.204249 94.9858
 411.000000 -0.781839 -1.23899 -1.63711 -0.607634 -0.24734 0.126105 48.3422
 412.000000 -1.10716 -1.47108 -1.36989 -0.452263 -0.032929 -0.186143 64.6033
 413.000000 -1.07026 -1.40002 -1.47317 -0.302358 -0.323412 0.242873 53.1543
 414.000000 -1.14845 -1.37744 -1.54504 0.277753 -0.109773 0.820614 66.66
 415.000000 -1.12894 -1.37534 -1.82594 1.41456 0.472973 -0.326655 85.272
 416.000000 -1.00134 -1.23385 -1.63503 0.0151954 -0.0154387 0.497062 92.0553
 417.000000 -1.26376 -2.17731 -1.4666 -0.146847 0.347209 0.349996 102.385
 418.000000 -1.40403 -1.1884 -1.46962 0.139714 -0.44871 -0.407925 58.4348
 419.000000 -1.2678 -2.98248 -2.31143 1.02974 -0.640152 -0.290018 102.319
 420.000000 -1.05443 -1.14613 -1.29735 -1.0816 0.0635186 -0.43984 75.8775
 421.000000 -0.925442 -0.958612 -1.36066 -0.376511 -0.684327 -0.138317 108.702
 422.000000 -1.09936 -1.25194 -2.06393 -0.423706 0.0575088 0.261378 54.9241
 423.000000 -1.44689 -0.93166 -1.45886 -0.215645 -0.41927 0.0496809 51.7979
 424.000000 -1.21856 -1.46639 -1.69217 0.0880373 -0.309355 0.259139 95.8823
 425.000000 -1.37571 -1.11797 -1.41626 -0.0449615 -0.277922 0.321224 71.538
 426.000000 -1.20709 -0.925341 -1.79144 -0.270315 -0.344247 0.249501 67.5892
 427.000000 -1.23913 -1.37052 -1.21938 0.384346 -0.387941 0.029587 105.001
 428.000000 -0.963033 -0.916385 -1.7734 -0.162817 -0.398408 0.136672 72.4528
 429.000000 -1.11262 -1.21978 -1.369 -0.0650584 -0.0755442 -0.099416 65.6932
 430.000000 -0.878166 -1.76565 -2.10051 0.0199939 -0.227132 0.356303 72.1205
 431.000000 -1.14208 -1.31243 -1.2467 0.13838 -0.268519 0.711034 68.2106
 432.000000 -1.10227 -2.0222 -1.57298 -0.00422745 -0.100945 0.859721 86.3475
 433.000000 -1.10964 -0.99543 -1.44234 -0.338176 -0.486817 0.849635 73.7103
 434.000000 -1.27455 -2.01907 -1.37896 0.348791 0.452081 0.937751 78.8534
 435.000000 -1.0215 -1.0491 -1.40505 -0.373081 -0.446739 -0.214811 92.9011
 436.000000 -0.984361 -1.28085 -1.43335 -0.120435 -0.276442 0.0940744 47.4172
 437.000000 -0.945905 -1.25803 -1.49582 -0.425512 -0.152626 0.130928 50.5402
 438.000000 -1.15459 -1.26235 -1.46624 -0.207578 -0.000280936 -0.013961 68.8578
 439.000000 -1.06431 -0.98127 -1.86478 -0.695369 -0.365631 0.701092 108.545
 440.000000 -1.154 -1.3016 -1.7338 0.109954 -0.123312 1.14599 109.96
 441.000000 -1.38123 -0.992059 -1.73631 0.238176 0.319595 0.130265 84.0734
 442.000000 -1.34017 -1.37071 -1.50663 1.41357 -0.0886069 0.474763 44.8214
 443.000000 -1.14064 -1.2563 -1.36347 0.409741 -0.270283 1.17823 74.597
 444.000000 -1.34156 -0.959933 -1.90981 0.163431 -0.301735 0.295704 64.1956
 445.000000 -0.780639 -1.20825 -1.60317 -0.509641 -0.287714 -0.109377 63.2112
 446.000000 -1.39685 -1.45303 -2.47813 0.769649 0.746982 -0.15469 105.257
 447.000000 -1.32513 -1.15166 -2.60247 1.66637 0.0947645 -0.0551924 76.9032
 448.000000 -1.26104 -1.54987 -1.16184 -0.043389 0.465728 -0.318357 76.8452
 449.000000 -1.21398 -2.53935 -1.36744 0.916613 0.106385 2.66987 76.1567
 450.000000 -1.15518 -2.14157 -2.80056 1.32023 -0.0496302 -3.051 91.3407
 451.000000 -1.86188 -2.07574 -2.64961 2.55848 0.539827 2.68194 81.8817
 452.000000 -2.11526 -0.980577 -2.85943 -3.04267 -0.508147 2.56217 87.273
 453.000000 -1.96591 -2.1924 -2.84592 2.9732 0.761955 2.75498 94.3655
 454.000000 -2.06318 -1.10132 -1.89034 3.01478 1.32361 1.98039 82.3551
 455.000000 -1.6228 -2.01568 -2.48815 1.00689 2.57495 -2.92331 110.793
 456.000000 -2.46757 -2.65503 -1.42464 0.381059 3.00247 2.66905 67.5267
 457.000000 -1.23098 -2.36871 -2.91622 -0.458021 2.70708 2.73711 101.613
 458.000000 -1.09505 -1.40764 -2.63495 0.883882 -0.22811 2.30461 57.3224
 459.000000 -1.11645 -1.60355 -2.31788 2.52279 0.667396 2.66528 95.1685
 460.000000 -0.959139 -0.967211 -1.04627 1.91507 1.61762 0.192261 106.409
 461.000000 -1.58993 -2.46737 -0.964273 0.782131 -3.10888 1.12907 115.291
 462.000000 -1.27442 -2.10805 -1.2408 1.77127 2.73035 0.64572 86.2356
 463.000000 -2.68724 -1.50338 -1.3921 2.85202 2.80661 0.647717 118.845
 464.000000 -1.19146 -1.14812 -1.58678 2.04915 2.34199 1.14432 99.0231
 465.000000 -1.17721 -2.39055 -1.61358 1.49891 2.70424 0.692704 74.3565
 466.000000 -1.66086 -1.6098 -0.946601 0.822247 2.70033 0.432406 132.679
 467.000000 -2.65368 -2.36255 -1.29629 2.91216 2.73621 0.543113 110.701
 468.000000 -1.55511 -2.21235 -2.74106 2.68839 3.11729 2.59749 90.3066
 469.000000 -2.43887 -2.50286 -2.19317 2.86821 2.79109 2.53076 77.1941
 470.000000 -2.34699 -1.51451 -1.79911 2.78809 2.01426 2.93653 115.606
 471.000000 -2.46447 -1.64674 -2.59178 3.09485 2.29789 1.95291 102.451
 472.000000 -2.42701 -1.8392 -2.22837 2.66588 2.73698 2.56433 69.8782
 473.000000 -2.49741 -2.46958 -2.62291 2.55564 2.5107 2.848 79.5269
 474.000000 -2.76969 -1.96451 -1.83372 2.44058 3.05335 2.95951 115.35
 475.000000 -2.40768 -2.62354 -0.951755 3.07919 2.43762 2.34175 111.357
 476.000000 -2.58448 -2.76353 -3.06268 2.66938 2.51001 2.7774 117.553
 477.000000 -2.00281 -2.33203 -2.4859 2.69717 2.64523 2.46319 136.29
 478.000000 -2.68688 -2.55071 -2.41323 2.97967 3.06072 2.87377 92.5134
 479.000000 -2.57627 -2.6261 -2.62744 2.90476 2.6292 2.33582 74.7251
 480.000000 -2.56821 -2.32413 -2.36159 2.02932 2.73531 2.6763 113.196
 481.000000 -2.22876 -2.07349 -2.50296 3.00159 2.98402 -2.99441 123.1
 482.000000 -2.17599 -2.23853 -2.87148 2.82547 2.76635 2.85957 99.5188
 483.000000 -2.13482 -2.3069 -1.66305 2.66669 2.83917 2.3537 122.621
 484.000000 -2.09232 -2.32751 -1.75162 2.79365 2.76613 1.55948 93.5874
 485.000000 -1.4975 -2.43492 -1.50286 1.95355 2.64316 0.832958 69.0495
 486.000000 -1.19711 -1.73773 -1.43539 1.42458 2.77561 0.903907 103.313
 487.000000 -1.75741 -2.37663 -1.18287 2.5589 2.83069 1.08689 100.396
 488.000000 -2.81684 -2.50365 -1.50009 2.58336 2.68461 0.648691 124.077
 489.000000 -2.6524 -1.67231 -1.19088 2.63043 2.72185 1.35454 86.8624
 490.000000 -1.88717 -1.07583 -1.46007 2.40144 2.08985 1.51636 96.8955
 491.000000 -1.50221 -1.29788 -1.41721 2.34591 0.986875 1.1731 83.8366
 492.000000 -2.1963 -0.937898 -1.86141 3.05082 -0.491705 0.387246 126.181
 493.000000 -2.21107 -1.19878 -1.51096 2.46985 0.713137 -0.250137 90.4965
 494.000000 -1.97897 -1.69163 -1.76363 2.95387 2.07942 2.45704 98.2351
 495.000000 -1.85802 -2.19975 -2.28495 2.19838 2.64523 2.30161 94.1917
 496.000000 -2.35874 -2.51685 -1.85158 2.66245 2.7449 2.96654 76.6741
 497.000000 -1.85053 -1.25214 -2.38506 2.43239 2.25867 3.01653 94.421
 498.000000 -2.74471 -1.21073 -2.13913 2.62792 2.05431 2.62451 94.3679
 499.000000 -2.51588 -2.43008 -2.51725 2.81629 3.10458 2.80895 85.7954
 500.000000 -2.35382 -1.91064 -2.85193 2.36461 3.08641 2.64565 70.6677
 501.000000 -2.1498 -1.33548 -2.48596 2.32027 2.25336 2.8329 78.253
 502.000000 -2.713 -1.59787 -2.165 -2.98872 2.855 2.76228 96.8774
 503.000000 -1.45859 -1.39025 -2.43736 1.37293 2.67679 3.08987 120.919
 504.000000 -1.39615 -1.66942 -1.16839 1.00388 0.81068 2.6298 68.6515
 505.000000 -1.2501 -0.949685 -1.13442 0.646223 -0.265872 -0.0679219 101.571
 506.000000 -1.19388 -1.1611 -1.83997 0.585165 -0.0160531 0.0796159 53.3519
 507.000000 -0.860589 -1.28474 -1.27172 0.241926 -0.00721781 1.34511 91.0143
 508.000000 -1.12696 -1.26211 -2.31804 -0.206514 -0.351913 -0.758612 82.0024
 509.000000 -1.28113 -1.92004 -1.74465 -0.558493 0.279747 0.0517887 78.2065
 510.000000 -1.12768 -1.77093 -1.28368 0.732307 -0.294313 0.711948 67.9952
 511.000000 -1.23901 -2.55663 -1.42071 1.10988 -0.380924 1.17471 76.7579
 512.000000 -1.14727 -1.6224 -1.40775 0.232147 -0.28865 1.08636 47.5839
 513.000000 -1.14305 -1.13587 -1.74699 -0.0735303 -0.417784 0.724377 68.8532
 514.000000 -1.11561 -1.59957 -1.65107 -0.20112 0.248541 0.00638348 83.7224
 515.000000 -0.954053 -1.07446 -1.49603 -0.691334 -0.31167 0.00252493 67.3155
 516.000000 -0.946828 -1.10948 -1.36077 -0.493392 -0.191135 -0.243728 83.6567
 517.000000 -1.04882 -1.22161 -1.25331 -0.30067 -0.32579 0.392317 44.1306
 518.000000 -1.27902 -0.908435 -1.8239 -0.358957 -0.448143 0.551587 81.2303
 519.000000 -1.43732 -1.09626 -1.46828 0.112537 -0.118057 -0.037592 80.0018
 520.000000 -1.32274 -1.16635 -1.80919 -0.0027043 -0.308183 0.590504 85.2794
 521.000000 -1.44451 -1.35763 -1.61743 0.10104 -0.0136242 0.416787 75.9134
 522.000000 -1.1422 -1.27097 -1.81446 -0.221936 -0.229177 -0.0990236 43.876
 523.000000 -1.29487 -1.60624 -1.17612 0.704233 -0.272386 -0.145449 102.73
 524.000000 -1.27827 -1.42197 -1.50036 1.28378 -0.350917 0.698419 73.4141
 525.000000 -1.14381 -1.23756 -1.66674 0.595071 -0.303696 0.507346 71.8536
 526.000000 -1.29127 -1.62595 -1.33732 0.601516 0.0127308 1.21009 76.2042
 527.000000 -0.893587 -1.3688 -2.11296 -0.299861 -0.195901 0.398577 82.136
 528.000000 -1.04426 -1.49311 -2.34357 -0.465348 0.180182 -0.76898 89.0277
 529.000000 -1.05815 -1.43133 -2.48829 -0.368441 -0.0114975 -0.312037 65.7397
 530.000000 -0.934133 -1.18157 -1.52345 0.0832371 -0.275097 0.315404 53.9752
 531.000000 -0.835031 -1.33319 -2.33818 -0.203906 0.058932 0.309548 92.9587
 532.000000 -0.81295 -1.65403 -2.70714 -0.56407 -0.0110682 -0.0343151 85.3064
 533.000000 -1.22053 -1.58362 -2.50763 -0.359602 0.00590568 0.109531 81.1637
 534.000000 -1.14344 -0.958626 -2.67661 -0.216098 -0.412834 -0.192074 96.0741
 535.000000 -1.06097 -1.15157 -2.0965 -0.442152 -0.173203 0.375042 73.0701
 536.000000 -1.24374 -1.32628 -1.9008 -0.0101254 0.0999938 0.782787 76.7798
 537.000000 -1.17193 -0.876093 -1.37123 -0.0231933 -0.338108 -0.183342 72.1807
 538.000000 -1.24419 -1.8302 -1.75942 0.043294 -0.538642 0.280238 72.0984
 539.000000 -0.840461 -0.876592 -1.56978 -0.526924 -0.170474 0.0154482 73.4429
 540.000000 -0.460891 -1.03431 -1.13055 -0.231687 -0.488162 0.116373 81.3686
 541.000000 -1.20422 -1.31873 -1.45808 0.117092 -0.690271 0.1763 62.7014
 542.000000 -0.878766 -1.17337 -1.33321 -0.435266 -0.303997 -0.0518963 71.895
 543.000000 -1.0655 -1.26686 -1.79161 -0.237795 -0.0950599 0.151014 46.4297
 544.000000 -1.08295 -1.44356 -1.32566 -0.0896135 -0.164388 0.164726 66.9986
 545.000000 -1.25149 -1.36188 -2.65089 0.134407 -0.163465 0.447874 92.4646
 546.000000 -0.938528 -1.03489 -1.42286 -0.269406 -0.0297648 -0.432307 54.8198
 547.000000 -1.04894 -1.49232 -2.1439 -0.0222612 -0.318283 0.0113662 68.953
 548.000000 -1.12168 -1.56866 -2.59247 -0.0675214 -0.246987 0.0713772 106.63
 549.000000 -0.876909 -1.57181 -2.25109 -0.177657 -0.251457 0.276614 73.1268
 550.000000 -1.0165 -1.3043 -1.43957 -0.339146 0.10287 -0.000871157 108.357
 551.000000 -0.94485 -0.950183 -2.07131 -0.640596 -0.302623 8.38559e-06 37.9438
 552.000000 -0.976439 -1.42688 -1.42152 -0.0138746 -0.192964 0.470215 53.5754
 553.000000 -1.1833 -2.30399 -1.4299 0.490661 -0.0686206 0.726413 88.842
 554.000000 -1.21033 -1.22136 -1.34898 0.281605 -0.579955 0.259692 56.9875
 555.000000 -1.28259 -1.01156 -1.48499 0.133555 -0.306854 -0.00849442 100.377
 556.000000 -1.44979 -1.25521 -1.76682 0.229016 -0.345617 0.220634 51.3351
 557.000000 -1.11331 -1.12535 -1.69834 -0.324634 -0.208815 0.186391 44.2491
 558.000000 -1.11121 -1.04401 -1.85605 -0.271518 -0.259921 0.287183 66.8665
 559.000000 -1.10053 -1.67555 -1.57945 -0.271745 0.101136 -0.0150124 60.1486
 560.000000 -0.792184 -1.35213 -1.4877 -0.528201 -0.290639 0.669036 95.1267
 561.000000 -0.874226 -1.36103 -1.84688 -0.278093 -0.0705292 0.309714 87.4697
 562.000000 -0.871922 -1.21774 -1.5921 -0.622246 -0.21997 0.0260642 70.7019
 563.000000 -1.27661 -1.13394 -1.21035 0.574599 -0.345346 -0.107599 68.5999
 564.000000 -1.40017 -1.12225 -1.30882 1.01479 -0.210453 -0.0479971 83.8909
 565.000000 -1.03851 -1.19027 -1.17768 -0.016516 -0.388917 0.607943 71.9435
 566.000000 -1.2683 -1.3912 -1.25043 0.725813 -0.670433 0.29005 73.4382
 567.000000 -1.29547 -2.43642 -1.28153 0.853024 0.5705 0.723091 84.3932
 568.000000 -0.819658 -0.874057 -1.96622 -0.596073 -0.241129 -0.359324 70.3519
 569.000000 -1.3632 -1.42552 -1.04229 -0.0128991 0.270446 -0.517193 90.6497
 570.000000 -0.923338 -1.34146 -2.34917 -0.0976931 -0.506401 2.88217 92.2555
 571.000000 -1.50329 -1.23728 -1.16568 0.459727 -0.621873 0.428797 85.8498
 572.000000 -1.27164 -0.906779 -1.56872 1.55042 -0.0320999 -0.0836319 51.8316
 573.000000 -1.12418 -1.0596 -1.73234 -0.26102 -0.109354 -0.0496279 115.662
 574.000000 -1.31617 -1.32096 -1.69243 0.0221576 -0.171623 0.267877 61.1455
 575.000000 -1.3157 -1.36243 -1.40313 -0.107457 -0.203756 0.767876 71.8798
 576.000000 -0.900602 -1.06426 -1.77012 -0.640899 -0.125432 -0.0886347 102.289
 577.000000 -1.03428 -1.33333 -1.47274 -0.22366 0.041015 -0.0410536 90.8318
 578.000000 -1.11299 -1.13711 -1.44981 -0.179857 -0.487595 0.130219 85.7146
 579.000000 -1.22555 -1.17053 -1.79278 -0.0654663 -0.282285 0.406484 55.584
 580.000000 -1.03119 -1.2085 -1.32553 -0.239328 -0.298916 0.204831 101.949
 581.000000 -1.45419 -1.25832 -1.22487 0.0802788 -0.440995 0.849438 102.824
 582.000000 -1.35181 -1.88555 -1.53405 0.253524 -0.243366 1.16484 89.1683
 583.000000 -1.3363 -1.37411 -1.28305 0.519171 -0.574774 1.02412 62.0089
 584.000000 -1.06547 -1.2385 -1.56218 0.384476 -0.354013 0.0931263 92.6654
 585.000000 -0.868526 -1.03017 -2.01164 -0.319894 -0.277659 0.251398 59.241
 586.000000 -1.20519 -1.59874 -1.44372 0.122915 -0.318766 0.0169772 64.6581
 587.000000 -1.19914 -1.96308 -1.18019 0.678425 0.0387184 -0.369722 96.6521
 588.000000 -0.975643 -0.973844 -2.16716 -0.366482 -0.452425 0.028279 86.5085
 589.000000 -1.07063 -1.20661 -1.24698 -0.0972299 -0.0354427 -0.296896 73.2996
 590.000000 -1.04819 -1.12772 -2.33186 -0.245715 -0.326834 0.904133 91.717
 591.000000 -1.0719 -1.18888 -1.29662 -0.0969144 -0.0630146 -0.106405 67.587
 592.000000 -1.0035 -1.19407 -1.48994 -0.239407 -0.36364 0.141329 57.2845
 593.000000 -1.03188 -1.20381 -1.46727 -0.144197 -0.248181 0.991088 59.5929
 594.000000 -1.22041 -1.12145 -1.57483 -0.0550568 -0.41229 -0.0348878 65.6692
 595.000000 -1.08737 -1.10388 -1.28266 -0.285994 -0.0894022 -0.214858 49.7276
 596.000000 -1.23709 -1.23682 -1.85229 -0.0622126 -0.474056 0.432916 56.499
 597.000000 -0.90079 -1.17996 -1.53312 0.00747532 -0.279471 1.14518 90.7324
 598.000000 -1.26821 -1.40521 -1.35792 -0.0880517 -0.0883149 -0.0702331 60.971
 599.000000 -1.00402 -1.04645 -1.38735 -0.457353 -0.173779 0.327319 85.8687
 600.000000 -1.17651 -0.844889 -1.49745 -0.207674 -0.61111 0.431862 60.3228
 601.000000 -0.948875 -1.16016 -1.27563 -0.576093 -0.317115 -0.250961 77.7415
 602.000000 -1.05406 -1.3229 -1.81852 -0.405203 -0.196079 -0.396565 82.8605
 603.000000 -0.882484 -1.21202 -1.77519 0.00239288 -0.382444 0.975413 90.6705
 604.000000 -1.16619 -1.64631 -1.52685 -0.150063 0.0918249 0.946494 94.8378
 605.000000 -1.14817 -1.03214 -1.80438 -0.715765 -0.184304 0.474532 52.5601
 606.000000 -1.11841 -1.07243 -1.29766 -0.193181 -0.331593 -0.346639 99.9476
 607.000000 -1.01795 -1.62534 -1.64217 0.0811294 -0.14742 0.00285587 87.5582
 608.000000 -1.09285 -1.58235 -1.43103 -0.0991938 0.0331235 0.584091 65.0135
 609.000000 -1.10723 -1.43166 -1.58858 0.00541001 -0.316511 -0.146039 65.9647
 610.000000 -1.12609 -1.01232 -1.10778 -0.0232008 -0.522239 -0.538123 94.6457
 611.000000 -0.8363 -1.1048 -1.71048 -0.579741 0.115945 0.185954 82.0612
 612.000000 -1.39501 -1.2632 -2.18675 -0.053193 -0.121268 -0.00214748 100.304
 613.000000 -1.58432 -0.952279 -1.78451 0.369083 -0.0484465 -0.179284 103.653
 614.000000 -1.29468 -1.02655 -1.36213 1.1027 -0.156839 -0.353985 77.5758
 615.000000 -0.970675 -0.834775 -1.49429 -0.368632 -0.428567 0.0625178 59.4996
 616.000000 -0.76754 -0.895147 -1.35358 -0.367287 -0.585962 0.19737 64.3436
 617.000000 -1.00872 -1.29259 -1.74098 -0.332137 -0.156415 0.0465381 56.3464
 618.000000 -1.19977 -1.30239 -1.07598 -0.381904 -0.202282 -0.179803 55.6714
 619.000000 -1.23198 -1.067 -1.90944 0.505572 -0.195076 0.0897097 40.6549
 620.000000 -1.30224 -1.1007 -1.24063 1.28514 -0.362219 -0.188752 74.6332
 621.000000 -1.20208 -1.38898 -1.35533 0.118723 -0.204187 0.312779 78.8795
 622.000000 -1.08111 -1.11958 -1.51177 -0.11426 -0.525301 0.139529 47.7435
 623.000000 -1.05354 -1.06253 -1.1846 -0.172782 -0.51792 -0.0482016 82.7039
 624.000000 -0.995037 -0.886805 -1.87424 -0.612515 -0.357052 0.387521 75.0575
 625.000000 -0.828591 -1.19149 -1.7731 -0.662661 -0.289376 0.27254 69.6162
 626.000000 -1.15194 -1.0533 -1.19399 -0.460446 -0.266393 -0.110815 47.9619
 627.000000 -1.2512 -0.940548 -1.60657 -0.624216 -0.258004 -0.257567 91.3909
 628.000000 -1.34367 -1.20415 -1.25202 0.0388744 -0.281614 -0.0445511 54.3503
 629.000000 -1.20206 -1.16454 -1.20483 0.144154 -0.298294 -0.0195408 105.284
 630.000000 -0.987443 -1.23022 -1.41125 0.00919417 -0.527961 0.970818 83.3575
 631.000000 -0.889225 -1.0065 -1.57945 -0.245613 -0.369932 0.686371 75.2842
 632.000000 -1.5474 -1.376 -1.34391 1.06256 -0.109948 0.648197 113.815
 633.000000 -1.20852 -1.45234 -1.5515 1.51855 1.31745 1.08517 98.0822
 634.000000 -1.46586 -1.20191 -1.40462 0.82768 0.890573 1.33308 73.6501
 635.000000 -1.20019 -1.00638 -1.38248 0.0515 -0.250313 -0.190773 69.97
 636.000000 -1.12329 -1.61229 -1.66432 0.208049 -0.336295 -0.142003 59.7573
 637.000000 -1.32476 -2.43507 -1.38202 0.283027 0.473492 0.855106 87.6527
 638.000000 -1.00479 -1.55382 -1.53901 -0.390622 -0.125683 0.569459 73.5981
 639.000000 -0.936298 -1.08208 -0.969399 -0.377783 -0.272397 -0.186518 64.2968
 640.000000 -1.30833 -1.15913 -2.60796 1.26899 0.129882 0.854596 79.3016
 641.000000 -1.73186 -1.23463 -1.37457 1.01599 -0.235451 1.07979 102.203
 642.000000 -1.10008 -0.91951 -1.32508 -0.284258 -0.347205 0.0765612 56.2255
 643.000000 -0.999077 -1.54215 -2.22228 -0.835642 0.423572 -0.1331 113.382
 644.000000 -1.63759 -1.19895 -1.65485 0.498881 -0.242022 -0.0701602 76.5229
 645.000000 -1.36193 -1.05789 -1.37925 1.15213 -0.279626 -0.243679 38.3051
 646.000000 -1.1809 -1.09934 -1.20145 0.276009 -0.454387 -0.121785 67.5101
 647.000000 -1.24453 -1.72727 -1.4401 -0.0284517 0.0912148 -0.300553 71.1841
 648.000000 -1.03878 -1.52619 -2.30422 0.151084 0.188396 0.282369 119.964
 649.000000 -0.631447 -1.11156 -1.44077 -0.717854 -0.331999 -0.382611 87.5052
 650.000000 -1.21575 -1.36241 -1.15524 -0.401483 -0.279511 0.0478282 98.1268
 651.000000 -1.34569 -0.963486 -1.44223 0.0232545 -0.445828 0.981661 89.2675
 652.000000 -0.833276 -0.915139 -1.08235 -0.39302 -0.445425 0.548641 91.8705
 653.000000 -0.950341 -1.24904 -1.80307 -0.489257 0.0656762 -0.203322 36.5674
 654.000000 -1.18032 -1.22767 -1.41628 -0.0598002 0.597562 0.497238 55.432
 655.000000 -1.48744 -1.24355 -1.29902 0.698216 1.0445 0.642375 61.9921
 656.000000 -1.43695 -1.30766 -2.20013 1.23422 0.141228 0.803867 72.1401
 657.000000 -1.54683 -1.5748 -0.849356 0.0336931 -0.478722 -0.57758 85.8225
 658.000000 -1.4154 -1.44822 -2.83519 0.85153 0.606415 0.213744 79.9858
 659.000000 -1.2015 -1.31357 -1.58848 1.91585 0.267417 0.368602 91.5076
 660.000000 -1.39678 -1.31205 -1.437 0.913035 0.572707 -0.762326 83.4789
 661.000000 -1.26367 -1.39948 -1.42223 -0.119794 -0.120349 0.569435 54.6243
 662.000000 -0.952972 -1.03497 -2.3101 -0.162875 -0.115092 0.771764 114.858
 663.000000 -1.11906 -1.32514 -1.38063 0.22822 0.0971874 -0.183863 93.7388
 664.000000 -0.879076 -1.0185 -2.40362 -0.483732 -0.385987 0.299276 105.859
 665.000000 -0.84949 -0.868472 -1.35309 -0.492466 -0.751401 1.22604 77.2817
 666.000000 -1.14611 -1.42427 -1.66185 -0.201233 -0.257328 -0.0616987 116.24
 667.000000 -1.53557 -1.50618 -1.22793 0.528793 -0.522601 -0.409486 91.6326
 668.000000 -1.06954 -1.20985 -2.22067 -0.202068 0.400927 0.0448597 79.2371
 669.000000 -1.34005 -1.14561 -1.30243 0.218066 -0.83175 0.268276 88.855
 670.000000 -0.838711 -1.39414 -1.43524 0.558094 0.869479 0.647595 82.0676
 671.000000 -1.45927 -1.43368 -1.29143 2.61279 0.667455 -0.207904 101.328
 672.000000 -1.45516 -1.92341 -1.66113 2.56516 1.55342 0.541893 107.984
 673.000000 -1.40833 -2.8504 -1.32594 1.33882 2.26467 2.02235 104.453
 674.000000 -1.58207 -2.57869 -1.1418 0.268229 2.92424 1.11095 115.827
 675.000000 -1.25294 -2.18399 -1.44766 0.250964 -0.122484 0.907298 63.5699
 676.000000 -1.22015 -1.4514 -2.51116 0.224909 -0.253665 0.44955 116.546
 677.000000 -1.36641 -1.62706 -1.18922 0.530508 -0.188835 -0.210735 82.8957
 678.000000 -1.38527 -1.35859 -1.71371 0.763898 0.756729 0.798408 73.0702
 679.000000 -1.18487 -1.09561 -1.57456 1.26084 0.686603 1.08872 82.3113
 680.000000 -1.12584 -1.20551 -1.49862 0.580145 0.72096 1.24581 57.7972
 681.000000 -1.49549 -1.39447 -1.32384 0.953334 -0.00975371 0.415053 82.3669
 682.000000 -1.01178 -1.06625 -1.30645 0.164216 -0.777608 1.14341 82.9899
 683.000000 -1.16045 -1.80112 -1.54027 0.278351 -0.214456 1.03438 89.386
 684.000000 -1.09424 -0.949746 -1.41312 -0.0521953 -0.645315 0.11161 32.6854
 685.000000 -1.15495 -1.57667 -2.62454 -0.493542 0.391085 0.775898 110.483
 686.000000 -1.02775 -1.36662 -2.33796 -0.221686 -0.293715 -0.23291 90.3856
 687.000000 -1.02354 -1.14973 -2.23279 -0.366743 -0.272915 -0.502923 87.0078
 688.000000 -0.74943 -1.39311 -1.57723 -0.452015 -0.140038 0.0564812 68.6847
 689.000000 -1.37299 -1.50222 -1.65865 1.24209 -0.409533 1.02694 93.3971
 690.000000 -1.14388 -0.79617 -1.39625 0.280997 0.0310278 -0.0611903 97.0713
 691.000000 -1.19242 -1.09083 -1.43689 0.0886224 -0.566322 0.185388 76.9859
 692.000000 -1.01942 -1.10891 -1.75656 -0.259912 -0.270496 0.208859 65.6321
 693.000000 -0.659805 -0.954365 -1.17772 -0.423146 -0.412127 -0.193382 110.824
 694.000000 -1.07597 -1.09274 -1.91988 -0.1684 0.0330104 -0.0837052 80.8406
 695.000000 -1.06522 -1.30171 -1.97883 0.0239283 -0.277158 0.519242 53.9897
 696.000000 -1.10192 -1.26789 -1.63963 -0.425728 0.122942 0.11119 118.293
 697.000000 -1.30697 -1.1271 -1.46733 -0.0010791 -0.406598 -0.205712 47.8795
 698.000000 -1.16045 -1.16645 -1.31928 -0.301315 0.064011 0.82515 95.1503
 699.000000 -1.26254 -1.46638 -1.27803 0.586821 -0.170544 0.600978 77.6384
 700.000000 -1.24558 -1.58973 -1.38245 1.12309 0.553169 0.52819 60.2857
 701.000000 -1.19442 -1.40307 -1.39338 0.784892 1.16525 0.855376 75.3113
 702.000000 -1.41507 -1.2543 -2.09786 0.974862 0.596858 0.0131929 102.79
 703.000000 -1.26074 -1.38111 -2.45974 0.677971 0.255837 0.0701724 92.1898
 704.000000 -1.44322 -1.35871 -2.36572 1.28857 0.483284 1.09118 108.815
 705.000000 -1.56173 -1.32012 -1.43505 0.752095 0.0931878 0.518558 78.9031
 706.000000 -1.08294 -1.97067 -1.33082 -0.49998 0.121646 0.994463 63.1478
 707.000000 -1.23748 -1.0291 -1.42643 0.285761 -0.402592 1.30988 56.7338
 708.000000 -1.10883 -1.53016 -2.05359 0.160947 0.372014 0.137064 112.516
 709.000000 -1.63934 -1.06181 -1.26242 1.28591 -0.363663 -0.261731 82.9801
 710.000000 -1.22926 -1.26686 -1.79743 0.414884 0.0410617 0.147426 56.1979
 711.000000 -1.28909 -2.1241 -1.49214 -0.127645 -0.0770297 0.781745 118.096
 712.000000 -0.999591 -1.65992 -1.31868 -0.236405 0.227453 0.887373 76.3697
 713.000000 -0.894426 -1.21281 -2.02744 -0.537673 -0.0361747 -0.0578443 39.4863
 714.000000 -1.35482 -1.41399 -1.2187 0.224764 -0.555732 -0.0469614 83.4137
 715.000000 -1.09397 -1.15334 -1.56312 -0.404861 -0.147835 0.108689 77.929
 716.000000 -1.0693 -0.976444 -1.64025 -0.449751 -0.262727 0.301154 72.0325
 717.000000 -0.903128 -1.51255 -1.64327 -0.130007 -0.122106 1.02622 93.5381
 718.000000 -1.03698 -1.53207 -1.29469 -0.103926 -0.195907 0.598487 59.7784
 719.000000 -1.05019 -1.34963 -1.66964 -0.25972 -0.206992 0.396975 72.903
 720.000000 -1.15929 -1.1796 -2.08532 -0.389343 0.0507917 0.0527518 84.8833
 721.000000 -1.26167 -1.30432 -1.54307 0.302816 -0.317964 -0.0297359 73.7686
 722.000000 -1.17776 -1.55625 -2.60457 1.55047 0.585527 -0.0618893 49.4033
 723.000000 -1.53529 -1.29347 -2.61576 0.550676 0.917797 0.279721 101.852
 724.000000 -1.11065 -0.914938 -1.82664 -0.161174 -0.65966 0.369224 56.5369
 725.000000 -0.903414 -2.34312 -1.99706 0.423294 -0.421974 0.257356 76.923
 726.000000 -1.29235 -1.09678 -1.83961 0.12284 -0.371083 0.487918 55.9652
 727.000000 -1.41904 -1.18263 -1.88335 0.171422 0.425641 -0.212233 74.2301
 728.000000 -1.38347 -1.26805 -0.984942 1.16192 -0.637509 -0.02286 89.8583
 729.000000 -1.25201 -1.30286 -1.56289 1.02661 -0.353276 1.1116 65.5558
 730.000000 -1.28439 -1.13612 -1.66575 0.0850429 -0.223812 0.160682 77.8751
 731.000000 -1.63782 -1.24806 -1.6994 0.459542 -0.273305 1.01669 82.3276
 732.000000 -1.21472 -1.5411 -1.16111 0.999668 0.557358 0.429401 67.9033
 733.000000 -1.18919 -1.34251 -1.55768 0.997168 1.57121 -0.0622589 120.629
 734.000000 -1.29248 -1.3125 -1.10744 0.738338 0.297518 0.552303 74.8904
 735.000000 -1.2458 -1.20215 -2.44889 0.892387 0.11241 0.0101304 74.9296
 736.000000 -1.17296 -0.923475 -0.988399 0.326025 -0.407835 -0.263652 95.2746
 737.000000 -0.963965 -2.20716 -1.30037 0.477869 0.240411 1.11963 83.1833
 738.000000 -0.962385 -1.50226 -1.62239 -0.357933 -0.23707 0.234983 80.9489
 739.000000 -1.3366 -1.42445 -2.28483 0.523294 0.406155 0.258935 46.993
 740.000000 -1.23951 -1.22475 -2.83388 1.74773 0.485802 0.0865228 67.0842
 741.000000 -1.20521 -1.09309 -1.13176 0.0715644 -0.315752 -0.276962 69.4072
 742.000000 -1.24029 -1.51674 -2.49603 0.264527 -0.476493 -0.587391 90.1259
 743.000000 -1.37667 -1.63035 -1.22188 0.362905 -0.256924 0.352502 50.5737
 744.000000 -1.31058 -0.948255 -1.76816 1.80153 -0.604125 0.473255 108.93
 745.000000 -1.3 -0.988048 -1.15241 1.93929 -0.121694 -0.41167 98.2766
 746.000000 -1.1543 -0.980944 -1.55793 0.419154 -0.467306 0.106745 65.242
 747.000000 -1.00336 -1.36339 -1.52766 0.029356 -0.485165 0.709394 88.6621
 748.000000 -0.745405 -1.0876 -1.15172 -0.570508 -0.252869 -0.106402 50.1721
 749.000000 -1.07323 -1.31133 -1.84519 0.634411 -0.0722368 -0.244406 91.376
 750.000000 -1.23865 -1.53889 -1.24825 0.60492 0.649007 0.427224 65.9312
 751.000000 -1.29129 -1.39152 -1.45442 0.478186 1.17354 0.647561 93.7647
 752.000000 -1.30473 -1.31372 -1.43529 0.900047 0.521357 1.00186 79.6516
 753.000000 -1.14004 -1.20182 -1.64993 0.443082 1.03108 1.18384 63.7479
 754.000000 -1.40063 -1.21901 -1.03465 0.773184 -0.0442042 0.727337 99.8235
 755.000000 -1.51437 -1.2872 -1.651 1.22848 -0.672107 0.604297 71.0836
 756.000000 -1.33529 -1.44743 -1.54828 0.431992 -0.081887 0.564061 76.0698
 757.000000 -1.18973 -1.14917 -1.61428 -0.183222 0.0141256 -0.46183 69.3726
 758.000000 -0.644876 -1.58423 -1.6879 -0.559177 0.240811 -0.0789735 56.8845
 759.000000 -1.23963 -1.58002 -1.35474 0.201048 -0.4034 0.33043 90.6459
 760.000000 -1.06662 -1.10192 -2.36556 -0.497836 -0.0278454 0.410096 105.105
 761.000000 -1.05839 -0.827331 -1.97501 -0.164306 -0.539888 0.592648 63.7699
 762.000000 -1.02609 -1.13737 -1.39334 -0.3274 -0.247819 0.249571 64.1587
 763.000000 -0.976454 -1.47138 -2.47473 -0.434828 0.169139 -0.384126 79.9685
 764.000000 -1.25053 -1.28932 -2.1854 -0.23386 -0.0898479 -0.570892 58.3082
 765.000000 -1.30674 -1.12229 -1.79316 0.090532 -0.383842 -0.00120125 128.37
 766.000000 -1.05866 -1.86216 -1.31917 -0.166176 0.0962135 0.546679 139.352
 767.000000 -1.21136 -1.13446 -1.38573 0.161855 -0.57152 0.463009 56.0738
 768.000000 -0.956767 -1.20685 -1.38775 -0.0473072 -0.158017 -0.125797 77.4799
 769.000000 -0.787741 -0.914477 -1.70715 -0.350291 -0.494679 0.299003 51.2118
 770.000000 -0.967787 -1.38453 -1.53065 -0.311006 0.058283 0.640998 75.9013
 771.000000 -1.17138 -1.03223 -1.66743 -0.458487 -0.259137 0.0481523 66.9634
 772.000000 -1.04248 -1.44398 -1.14839 -0.362859 -0.202875 -0.214104 64.2943
 773.000000 -1.23085 -1.17024 -1.34371 0.318766 -0.693249 0.23874 62.0995
 774.000000 -0.849982 -1.22267 -1.46113 -0.343578 -0.0777167 0.214803 79.8841
 775.000000 -0.888157 -2.22163 -1.9015 -0.0240137 -0.27585 0.470054 111.637
 776.000000 -1.25484 -1.97657 -1.2567 0.269283 0.0528052 1.09165 73.1777
 777.000000 -1.0973 -1.08722 -2.41806 -0.415463 -0.406946 0.61983 37.2672
 778.000000 -1.22373 -1.09428 -1.2153 0.174134 -0.28523 -0.20678 106.214
 779.000000 -1.23779 -1.46176 -2.28002 -0.0538031 -0.105559 0.392264 51.817
 780.000000 -1.18848 -1.26645 -1.38281 0.439002 -0.856466 1.12209 89.5881
 781.000000 -1.10873 -1.57536 -1.614 1.28881 -0.0368347 0.401746 65.5648
 782.000000 -1.3564 -1.37135 -2.209 1.18722 -0.00560971 0.657839 67.8127
 783.000000 -1.10118 -0.971292 -1.05966 -0.125227 -0.375852 -0.317894 76.3459
 784.000000 -1.33899 -1.37467 -2.15423 0.14171 -0.291682 0.355547 96.1801
 785.000000 -1.08139 -1.17471 -1.59322 0.0900966 -0.00819154 -0.0752482 88.3602
 786.000000 -0.972361 -1.28091 -2.46941 -0.282569 -0.234578 -0.251369 68.0245
 787.000000 -1.16076 -1.35162 -2.53547 -0.537053 0.448564 -0.673871 82.0283
 788.000000 -0.879807 -1.51098 -2.43063 -0.459123 0.0534857 -0.561674 74.5414
 789.000000 -1.0188 -1.24921 -1.47831 -0.102522 0.351346 -0.334972 87.2484
 790.000000 -1.44729 -1.31767 -1.31242 0.81712 1.40352 0.332879 102.978
 791.000000 -1.38417 -1.34283 -1.47696 2.40727 0.796359 0.0788604 98.3734
 792.000000 -1.62787 -1.14991 -1.343 2.23483 0.33225 0.955282 66.4328
 793.000000 -1.49945 -1.17453 -1.2119 1.56088 1.41721 0.986563 89.1205
 794.000000 -1.56614 -1.37252 -1.22002 0.727074 0.360918 0.538673 71.1302
 795.000000 -1.09908 -0.925476 -1.36397 0.0318256 -0.51771 0.55518 55.4626
 796.000000 -1.23161 -2.13625 -2.63493 0.0717308 -0.0264608 -0.235849 102.548
 797.000000 -1.13639 -1.10442 -2.16026 -0.145701 -0.185316 0.447723 57.5005
 798.000000 -0.783626 -0.721399 -1.41107 -0.598644 -0.468006 0.0170245 90.6088
 799.000000 -0.935749 -1.16352 -1.70117 -0.323192 -0.385015 0.0873828 56.2617
 800.000000 -0.925341 -1.36698 -1.26364 -0.288021 -0.201268 0.0957381 42.8439
 801.000000 -1.05179 -1.30745 -1.61352 -0.306633 -0.25755 -0.00342111 71.57
 802.000000 -1.18943 -0.839186 -1.4843 -0.392679 -0.215734 -0.0297219 69.374
 803.000000 -1.32841 -1.2298 -1.32622 0.182766 -0.361533 -0.259095 57.3615
 804.000000 -0.845016 -1.41794 -1.6535 -0.619196 -0.119416 -0.1853 69.6635
 805.000000 -1.18572 -1.23383 -1.42432 -0.325307 -0.25865 -0.196203 37.4629
 806.000000 -1.02133 -0.954643 -1.47425 -0.188374 -0.61672 -0.105513 87.8706
 807.000000 -0.991938 -1.0515 -1.51252 -0.0357884 -0.151069 -0.253575 73.1274
 808.000000 -0.972611 -1.33311 -2.62317 -0.383071 -0.051889 0.415433 94.4538
 809.000000 -0.789406 -1.155 -1.37821 -0.492496 -0.142646 -0.0150339 69.3011
 810.000000 -1.02332 -1.20905 -1.71475 -0.136977 -0.452442 -0.186101 104.018
 811.000000 -0.92408 -1.42681 -1.12926 -0.626086 0.0924907 -0.398341 63.7614
 812.000000 -1.40065 -1.21029 -1.30818 -0.378817 0.00200215 0.57047 79.4105
 813.000000 -1.34765 -1.23097 -1.81176 0.641663 -0.203167 2.5773 117.906
 814.000000 -1.3369 -2.11347 -2.11577 0.791414 0.409923 2.6336 100.07
 815.000000 -1.39891 -2.66414 -1.56497 0.981913 0.179046 1.38652 91.324
 816.000000 -1.20579 -1.68481 -2.38984 0.70179 -0.0526408 2.595 87.8173
 817.000000 -1.22249 -2.00779 -2.64089 0.419765 1.00642 3.04595 105.473
 818.000000 -1.24655 -1.65999 -2.90526 0.459532 -0.0245409 3.07216 75.5165
 819.000000 -1.18226 -1.14006 -1.20652 -0.265398 -0.250067 -0.201588 94.9964
 820.000000 -1.17615 -0.940184 -2.32319 -0.475993 -0.311388 0.0757225 60.0952
 821.000000 -1.29224 -0.941382 -1.607 -0.177234 -0.429477 0.241497 76.2003
 822.000000 -1.33039 -1.25726 -2.12595 -0.179409 -0.0252383 0.188731 75.0114
 823.000000 -1.09651 -1.26419 -1.24138 -0.378179 -0.296884 -0.0664009 68.8765
 824.000000 -1.24083 -1.04272 -1.56802 -0.380762 -0.401264 0.129973 85.0505
 825.000000 -0.564277 -1.13223 -1.50224 -0.632592 -0.352051 -0.0219769 60.5841
 826.000000 -1.08389 -1.37312 -1.44882 -0.24265 -0.285062 0.10781 46.6946
 827.000000 -1.01459 -1.03687 -1.80407 -0.30144 -0.25719 0.284694 70.7075
 828.000000 -1.08152 -1.34314 -1.74738 -0.393851 -0.199765 -0.0840774 65.4077
 829.000000 -1.18863 -1.37658 -1.39188 0.0689759 -0.27952 0.564155 86.8518
 830.000000 -1.11266 -1.5304 -1.44689 -0.0700048 -0.123726 1.2482 62.4221
 831.000000 -1.17467 -0.922157 -1.62759 0.0059492 -0.772966 0.919901 106.261
 832.000000 -1.17574 -1.6806 -1.82133 0.4847 -0.0321161 0.372296 128.188
 833.000000 -1.3382 -1.30551 -2.32531 1.60798 0.777348 0.201745 81.5709
 834.000000 -1.18616 -1.16909 -1.32325 0.636099 -0.251422 -0.197598 81.2226
 835.000000 -1.32217 -1.41439 -2.23044 0.463108 -0.252431 0.275271 85.668
 836.000000 -1.28107 -1.11915 -1.39422 0.279299 0.0435835 -0.211933 76.4619
 837.000000 -1.4615 -1.30926 -1.53077 1.24558 1.07633 0.417225 68.8887
 838.000000 -1.40801 -1.38434 -1.40859 0.404409 1.10064 0.57905 86.5557
 839.000000 -1.51638 -1.15583 -1.37719 0.600107 -0.188971 0.139184 64.9196
 840.000000 -1.30526 -1.22056 -1.8996 0.688033 0.0618475 0.155118 64.0707
 841.000000 -1.4331 -1.37688 -1.54554 0.980755 0.150453 -0.154738 58.0628
 842.000000 -0.905927 -1.21246 -2.09114 0.296681 -0.107227 0.115293 69.1084
 843.000000 -1.22193 -1.18046 -1.77535 0.885208 -0.715805 0.299438 82.6349
 844.000000 -1.31103 -1.18529 -2.12729 1.04555 0.766458 -0.142423 79.1289
 845.000000 -1.14145 -1.00465 -1.3951 0.449239 -0.462042 0.352684 102.237
 846.000000 -1.43516 -1.14092 -1.50665 -0.165132 -0.228313 0.112223 63.7933
 847.000000 -0.958764 -1.24948 -1.77557 -0.222939 -0.0557277 0.0257783 81.7296
 848.000000 -1.00607 -1.54908 -1.53929 -0.41969 -0.194368 -0.0156707 49.7454
 849.000000 -0.987505 -1.09971 -1.45269 -0.114179 -0.113028 -0.0381395 124.043
 850.000000 -0.666747 -1.20727 -2.07053 -0.550732 -0.325824 -0.00689686 89.9474
 851.000000 -0.893472 -1.61446 -2.03704 -0.208549 0.183769 0.349525 96.4996
 852.000000 -1.11792 -1.57445 -1.39914 -0.393322 0.0321004 0.0409685 66.972
 853.000000 -0.86918 -1.22366 -1.58356 -0.382523 -0.171953 0.209283 66.1176
 854.000000 -1.05256 -0.943885 -1.5559 -0.191188 -0.309788 0.765168 102.808
 855.000000 -0.727664 -0.919037 -2.36702 -0.686052 0.0371004 0.248577 82.0526
 856.000000 -1.29346 -1.37265 -1.39675 0.0463839 -0.130814 0.797481 69.553
 857.000000 -1.22551 -0.954147 -1.4306 0.25011 -0.521202 0.673216 67.1099
 858.000000 -1.4029 -1.5235 -1.6072 0.31745 -0.305981 1.2091 86.0613
 859.000000 -1.17955 -0.990988 -1.93834 0.274714 -0.0363822 0.0829168 85.9081
 860.000000 -1.32297 -1.2361 -2.79081 0.864861 0.928132 -0.510847 120.804
 861.000000 -1.16278 -1.19343 -1.35875 0.576211 -0.00134571 -0.641024 61.9164
 862.000000 -1.54576 -1.21123 -1.20087 -0.372815 0.483338 0.276453 94.8801
 863.000000 -1.13404 -1.73156 -1.61601 0.227616 -0.258687 1.6612 57.4067
 864.000000 -1.05003 -1.33398 -1.47506 0.163018 -0.707151 0.72881 69.6868
 865.000000 -1.26764 -1.30822 -1.46937 0.160627 -0.427368 1.37056 84.1553
 866.000000 -1.32704 -1.10648 -1.55273 0.382447 -0.468166 0.553456 131.304
 867.000000 -1.35387 -2.12382 -1.13753 0.637555 -0.0308454 -0.324835 143.829
 868.000000 -1.0101 -1.92007 -1.19613 0.192369 0.161497 -0.351534 75.6249
 869.000000 -0.946739 -0.999087 -2.12781 -0.429357 -0.110711 0.085909 94.0264
 870.000000 -1.06434 -1.32399 -1.49338 -0.0311958 -0.432346 0.17901 86.0905
 871.000000 -1.04346 -0.998877 -1.65125 -0.100939 -0.182444 0.401604 91.343
 872.000000 -0.865364 -1.15737 -1.40013 -0.475805 -0.683102 0.759192 74.0906
 873.000000 -1.09723 -1.51366 -1.47942 0.106087 -0.239453 0.359123 79.8257
 874.000000 -1.08134 -1.55842 -1.61431 -0.266516 -0.138609 -0.346593 75.4425
 875.000000 -1.03384 -1.19707 -1.72131 -0.352001 -0.334463 -0.069556 91.7683
 876.000000 -1.38699 -1.63423 -1.41672 0.996275 -0.317754 1.51078 93.7103
 877.000000 -1.5457 -1.25363 -2.18131 1.63823 0.425602 -0.0259925 106.37
 878.000000 -1.59715 -1.13977 -1.58378 0.975866 0.242957 -0.0949415 62.33
 879.000000 -1.15205 -1.55449 -1.10768 -0.364217 0.162932 0.156577 93.2804
 880.000000 -0.81272 -1.20529 -2.01484 -0.65163 -0.36599 0.143835 93.4543
 881.000000 -1.11462 -2.17082 -2.06709 0.109469 -0.13949 -0.443446 86.013
 882.000000 -1.20652 -1.05009 -1.47169 0.284225 -0.438428 0.811384 96.708
 883.000000 -1.07682 -2.7072 -1.53181 0.335443 0.0578045 0.358488 99.7319
 884.000000 -1.46548 -1.56126 -1.67775 0.860785 -0.27272 0.194834 75.1229
 885.000000 -1.35374 -1.12374 -1.52912 1.5205 0.013535 0.859755 137.48
 886.000000 -1.1777 -1.52071 -1.28792 0.559725 1.02753 1.13297 50.9189
 887.000000 -1.33393 -1.00252 -1.62485 0.839725 0.214969 1.01174 100.658
 888.000000 -1.19377 -1.28629 -2.45957 0.6896 0.0358361 0.668104 91.4229
 889.000000 -1.70674 -1.30603 -1.29805 0.420695 -0.132158 -0.270521 84.1621
 890.000000 -1.10122 -1.26084 -1.41933 -0.46536 -0.113959 0.00309285 90.9368
 891.000000 -1.08681 -1.29678 -1.56193 -0.163618 -0.296427 0.2361 97.2062
 892.000000 -1.15601 -1.40496 -1.65419 0.190277 -0.38095 0.062305 87.9623
 893.000000 -1.30893 -0.93344 -1.64698 -0.471011 -0.242483 -0.0750796 90.7732
 894.000000 -1.21632 -1.30543 -1.29256 0.0702375 -0.46925 0.0555013 82.0754
 895.000000 -1.02666 -1.44841 -1.44247 -0.50249 0.0362472 0.490224 46.3024
 896.000000 -1.03054 -1.69968 -1.75444 -0.189189 -0.16111 -0.37756 101.524
 897.000000 -0.832269 -1.66828 -2.04291 -0.652494 0.279815 -0.0807291 81.227
 898.000000 -1.58202 -1.09889 -1.4328 0.588714 -0.329394 0.942984 61.2487
 899.000000 -0.96022 -1.07176 -1.47865 -0.00748584 0.85964 0.804948 110.369
 900.000000 -2.11374 -1.29513 -1.75983 1.14619 0.869317 0.946678 114.236
 901.000000 -1.69537 -1.51695 -1.52533 1.26139 0.766528 0.808276 109.767
 902.000000 -1.50697 -1.41891 -1.54327 0.59569 0.968964 0.831149 103.707
 903.000000 -0.71251 -1.27123 -1.25551 0.0487781 0.472578 0.96993 86.9891
 904.000000 -1.68951 -1.27535 -1.5248 0.523693 0.584485 0.803527 95.2472
 905.000000 -1.73811 -1.11692 -1.43969 0.797065 0.635171 0.715845 96.6796
 906.000000 -1.20038 -1.2374 -1.37699 1.10757 0.661609 -0.0501987 81.3099
 907.000000 -1.26943 -0.942646 -1.29769 0.731866 -0.417203 -0.0488034 104.129
 908.000000 -1.22138 -1.41821 -1.50843 0.00157829 -0.250633 -0.0404872 49.5863
 909.000000 -0.936225 -0.985601 -1.59385 -0.396041 -0.329192 1.95003 92.4851
 910.000000 -1.05394 -1.29192 -1.72118 -0.216299 0.107269 -0.146368 92.2657
 911.000000 -1.44653 -1.58132 -1.05076 0.506107 -0.165935 -0.582521 85.9977
 912.000000 -1.01211 -1.58848 -1.31455 -0.0978859 -0.201232 0.337751 70.0536
 913.000000 -1.19215 -1.13587 -2.30506 -0.410387 -0.229688 0.0652276 64.2536
 914.000000 -1.35044 -2.27624 -1.28426 0.734392 0.449697 1.018 65.379
 915.000000 -1.27965 -1.05096 -2.11767 0.556749 -0.299861 -0.202315 77.8063
 916.000000 -1.22055 -1.37976 -1.00031 0.119695 -0.011248 -0.193301 88.7815
 917.000000 -1.20075 -2.36437 -1.32063 0.764069 -0.693636 0.632318 74.247
 918.000000 -0.93604 -0.911025 -1.48891 -0.137832 -0.398726 -0.0875669 91.1472
 919.000000 -1.60698 -1.09003 -1.59472 -0.243071 -0.0946065 0.0776046 92.5288
 920.000000 -1.06421 -1.5168 -1.58204 -0.333826 -0.119008 0.340723 65.6586
 921.000000 -1.19513 -1.22523 -1.65337 0.0540465 0.0153112 -0.258745 55.7756
 922.000000 -1.16698 -1.35763 -1.29484 0.0798767 -0.271546 0.65961 82.9897
 923.000000 -1.05121 -1.25026 -1.30404 0.161134 -0.37224 1.13635 74.1042
 924.000000 -0.959839 -1.35457 -1.41737 -0.42615 -0.0750924 -0.0514186 52.2498
 925.000000 -1.32688 -1.27585 -1.13444 0.46797 -0.190491 -0.301542 80.8478
 926.000000 -1.02536 -1.13403 -2.28811 0.737722 -0.204063 0.548442 87.0569
 927.000000 -1.61314 -1.22422 -1.24243 0.600247 -0.0963696 -0.164474 69.3594
 928.000000 -1.41837 -1.1506 -1.60715 0.1891 -0.376817 1.05328 90.9373
 929.000000 -1.42978 -1.11541 -1.5123 0.432508 -0.33852 0.267614 77.274
 930.000000 -1.40645 -0.865805 -1.39492 0.950809 -0.213202 0.022805 91.5891
 931.000000 -1.49309 -1.08106 -1.51645 0.878134 -0.0282826 0.201094 65.2188
 932.000000 -1.28567 -1.35255 -1.39808 0.576731 -0.365572 0.267064 96.2339
 933.000000 -0.967275 -0.843167 -1.49537 -0.381318 -0.483846 0.222658 71.7545
 934.000000 -0.970732 -1.09902 -1.42051 -0.417608 -0.261841 0.404732 122.423
 935.000000 -1.23476 -1.05085 -1.57674 -0.477528 -0.127484 -0.216561 89.4185
 936.000000 -0.912567 -1.20719 -1.57104 -0.286176 -0.487698 0.447688 73.0035
 937.000000 -0.911574 -1.01284 -1.45427 -0.268359 -0.337885 -0.412646 84.8564
 938.000000 -0.99736 -1.07156 -1.73764 -0.461024 -0.366558 0.0233188 97.9918
 939.000000 -1.15201 -1.3599 -1.1594 -0.191539 -0.161775 0.00860423 85.4756
 940.000000 -0.773544 -0.900827 -2.018 -0.453433 -0.265371 0.29094 70.289
 941.000000 0.812855 -1.04469 -1.38728 -1.87562 -0.351596 0.123596 65.207
 942.000000 1.09389 -1.3643 -1.49872 -1.37186 -0.295605 0.805638 65.0983
 943.000000 0.974726 -1.43616 -1.60178 -1.78051 -0.246605 0.733526 81.0639
 944.000000 0.89127 -1.46651 -1.67878 -1.57654 -0.25481 1.01005 65.1273
 945.000000 0.896363 -1.09901 -2.13789 -1.90047 -0.165441 0.452328 68.4203
 946.000000 0.806918 -1.24338 -1.0608 -1.22776 -0.623522 0.06639 65.7532
 947.000000 1.01844 -1.71343 -1.37063 -1.40418 -0.672503 0.894201 55.2277
 948.000000 0.879284 -1.28349 -1.8337 -1.55102 -0.305646 0.541178 47.1752
 949.000000 0.715218 -1.10307 -2.03591 -1.25768 -0.413768 0.915788 80.2017
 950.000000 0.768443 -1.07277 -1.41227 -1.70256 -0.492718 0.187996 83.6798
 951.000000 0.972539 -1.29001 -1.77405 -2.09043 -0.231766 0.394087 105.277
 952.000000 0.904981 -1.15906 -1.48853 -1.39116 -0.782186 0.948914 61.8878
 953.000000 0.766201 -1.27461 -1.97564 -1.7031 -0.172001 0.626688 59.1415
 954.000000 0.956826 -1.34515 -1.45047 -1.36866 -0.611539 1.00664 80.6583
 955.000000 0.839888 -0.951957 -2.09602 -1.86143 -0.405845 0.470673 86.9718
 956.000000 1.06629 -1.1329 -1.49182 -1.45617 -0.401411 0.09931 58.3997
 957.000000 0.689403 -1.03011 -1.87168 -1.87551 -0.355293 0.333042 62.4441
 958.000000 0.96185 -1.17029 -1.68803 -1.51663 -0.420181 1.26908 77.6461
 959.000000 0.994225 -1.51762 -1.54949 -1.42031 -0.480057 0.772509 74.8209
 960.000000 1.05297 -1.99528 -1.63117 -1.35525 -0.12209 0.218417 79.9164
 961.000000 0.83655 -1.19086 -1.71146 -1.44873 -0.527451 0.724034 65.6521
 962.000000 1.02126 -1.181 -1.99385 -1.6916 -0.359671 0.473731 53.781
 963.000000 1.0573 -1.43986 -1.96794 -1.73561 -0.119418 0.565478 103.163
 964.000000 1.0394 -1.06623 -1.44049 -1.85247 -0.388155 0.609825 78.0444
 965.000000 0.788644 -1.34299 -1.44474 -1.765 -0.401245 0.858422 62.819
 966.000000 0.778852 -2.05188 -1.34141 -1.07919 -0.228043 0.37574 92.8682
 967.000000 0.653393 -1.28167 -1.83066 -1.28593 -0.34726 0.927011 67.861
 968.000000 0.671519 -1.22409 -1.64377 -1.35889 -0.457963 0.640557 85.1875
 969.000000 0.901394 -1.29542 -1.80675 -1.67835 -0.28449 0.620193 53.4655
 970.000000 0.952398 -1.13553 -1.69008 -1.7304 -0.331719 1.1146 53.1525
 971.000000 1.00014 -1.22408 -1.89893 -1.78696 -0.248465 0.589771 59.4257
 972.000000 0.946948 -1.24656 -1.59028 -1.50112 -0.54955 0.364421 63.3858
 973.000000 1.17429 -1.41173 -1.51147 -1.39584 -0.658498 0.920935 93.0791
 974.000000 0.751382 -1.14201 -1.94459 -1.37988 -0.512562 0.915568 61.2069
 975.000000 0.7697 -1.3967 -1.30296 -1.0106 -0.336846 0.671367 83.2113
 976.000000 0.942029 -1.46054 -1.76969 -1.81404 -0.0919104 0.253453 62.3608
 977.000000 0.923766 -1.23866 -1.76731 -1.36156 -0.512668 0.877302 92.7567
 978.000000 0.72379 -0.886559 -1.75488 -1.9108 -0.581219 0.475529 78.2882
 979.000000 0.999672 -1.356 -2.13088 -1.24363 -0.282028 0.829803 54.3665
 980.000000 0.858253 -1.2016 -1.82272 -2.00499 -0.0670144 0.311715 85.6144
 981.000000 0.964655 -1.91558 -1.19004 -1.24726 -0.192916 0.579333 61.4395
 982.000000 1.06149 -2.04476 -1.43545 -0.857957 -0.123544 0.770993 68.8461
 983.000000 1.01739 -1.04229 -1.99272 -1.83776 -0.202616 0.132135 72.4742
 984.000000 1.09037 -1.3353 -2.1396 -1.08324 -0.0883088 2.70294 58.5671
 985.000000 1.08083 -1.19017 -1.3384 -1.0664 -0.705215 1.72951 64.7117
 986.000000 0.769058 -1.59006 -1.38737 -1.76547 -0.388491 0.248872 60.324
 987.000000 0.823201 -1.23506 -1.4482 -2.11522 -0.336279 1.04808 74.0759
 988.000000 1.237 -1.46037 -1.12188 -2.255 -0.0111634 1.27813 102.313
 989.000000 0.589301 -1.62465 -2.12423 -1.82594 0.284754 -0.0227651 54.7701
 990.000000 0.688217 -1.40227 -1.85851 -1.48013 -0.0136981 0.0989569 66.7405
 991.000000 0.785144 -1.38841 -1.49773 -0.741911 -0.404184 0.97735 77.2905
 992.000000 0.770085 -1.37113 -1.57383 -2.08145 -0.0974012 -0.163051 44.1593
 993.000000 0.72344 -1.06495 -2.03392 -1.61602 -0.155448 0.708229 63.1722
 994.000000 0.818152 -0.937151 -1.94583 -1.70641 -0.326303 0.753892 26.9825
 995.000000 0.983661 -1.60189 -1.93577 -1.70298 -0.013846 0.244499 105.318
 996.000000 0.813367 -1.2909 -1.57722 -1.27385 -0.473395 1.1567 61.0359
 997.000000 0.732693 -1.54799 -1.50874 -1.50373 -0.316347 1.0212 67.5903
 998.000000 0.923613 -0.891752 -1.74419 -1.46032 -0.633768 0.826885 68.2759
 999.000000 0.916352 -1.45188 -1.59891 -1.29386 -0.53043 0.765809 49.853
 1000.000000 0.876281 -1.21288 -1.47209 -1.53261 -0.43157 1.00913 55.0836
