#! FIELDS time phi psi ene metad.bias metad.rbias metad.rct
#! SET min_phi -pi
#! SET max_phi pi
#! SET min_psi -pi
#! SET max_psi pi
 0.000000 -2.36867 2.64432 -41.4583 0 0 0
 1.000000 -1.69656 2.16139 -30.753 0 0 0.113763
 2.000000 -1.97715 2.52136 -26.2383 0.447046 0.333284 0.249531
 3.000000 -2.54276 3.06714 -22.6453 0.019492 -0.230039 0.357135
 4.000000 -2.61599 2.86948 -39.7012 1.12639 0.769258 0.498018
 5.000000 -2.62678 2.59073 -36.5074 2.26435 1.76634 0.684731
 6.000000 -2.36975 2.80189 -27.7883 2.0348 1.35007 0.899354
 7.000000 -1.18509 2.08632 -15.3674 0.0433755 -0.855979 0.982758
 8.000000 -1.2429 1.3161 -23.5045 1.23887 0.256112 1.09945
 9.000000 -1.44276 1.27819 -32.3991 1.79143 0.69198 1.25469
 10.000000 -1.33966 1.24946 -26.4247 3.16972 1.91503 1.45671
 11.000000 -1.77237 0.884759 -44.8141 2.27194 0.815227 1.62811
 12.000000 -1.91081 1.08043 -36.6891 2.86161 1.2335 1.81524
 13.000000 -1.16283 0.97325 -29.8456 3.47634 1.6611 2.01716
 14.000000 -1.29392 0.791059 -44.3595 5.20668 3.18952 2.31073
 15.000000 -1.52162 0.680818 -33.5117 4.85926 2.54854 2.64059
 16.000000 -1.57206 0.729283 -8.22147 5.60284 2.96225 3.00581
 17.000000 -1.13258 0.715821 -37.5991 5.2481 2.24229 3.31099
 18.000000 -1.10034 0.997304 -23.3086 5.70785 2.39686 3.6403
 19.000000 -1.53046 1.44654 -23.892 7.10924 3.46894 4.07427
 20.000000 -1.48832 1.15435 -51.476 8.42044 4.34617 4.58118
 21.000000 -1.21786 0.862442 -37.5412 9.00728 4.4261 5.07294
 22.000000 -2.13989 0.345884 -31.9301 2.63306 -2.43987 5.13511
 23.000000 -2.02477 1.2917 -27.9281 4.38569 -0.749418 5.24283
 24.000000 -1.27634 1.30078 -28.5956 10.4731 5.23029 5.78571
 25.000000 -1.56847 1.32752 -22.0603 9.28111 3.4954 6.2593
 26.000000 -1.24129 0.957081 -43.7619 11.3446 5.08533 6.81079
 27.000000 -1.4743 0.875743 -39.6889 11.7542 4.94343 7.40007
 28.000000 -1.5942 1.5772 -37.3596 10.7921 3.39199 7.88422
 29.000000 -1.0526 0.776706 -11.4433 7.78099 -0.103228 8.20053
 30.000000 -0.941551 2.04602 -10.0844 5.15082 -3.04971 8.39453
 31.000000 -0.980698 1.31839 -13.8298 7.40224 -0.992286 8.65819
 32.000000 -2.50262 2.65823 -41.5263 4.32978 -4.32842 8.66935
 33.000000 -2.13804 2.59727 -35.6593 4.90598 -3.76337 8.70048
 34.000000 -1.99983 3.06537 -10.7321 6.71619 -1.98429 8.76976
 35.000000 -2.48176 2.87723 -31.7585 5.66626 -3.1035 8.79274
 36.000000 -2.78782 2.97687 -43.3839 3.02224 -5.7705 8.80482
 37.000000 -1.26043 0.477327 -29.6971 14.3848 5.57997 9.38124
 38.000000 -2.62466 -2.95728 -20.5764 6.5066 -2.87464 9.40383
 39.000000 -1.80552 0.519756 -28.3991 8.8925 -0.511328 9.5743
 40.000000 -2.92227 2.33666 -37.3425 2.37626 -7.19804 9.58216
 41.000000 -0.731951 2.38057 -11.6494 2.03951 -7.54265 9.62428
 42.000000 -1.44215 0.785022 -41.5753 14.6508 5.02652 10.1808
 43.000000 -2.74087 -2.73651 -23.7484 6.51454 -3.66626 10.2004
 44.000000 -2.74312 0.279435 -19.731 7.48776 -2.71263 10.2282
 45.000000 -2.56342 -3.1161 -30.6217 9.46612 -0.762072 10.2751
 46.000000 -2.22131 2.49102 -7.17609 7.09219 -3.18291 10.319
 47.000000 -2.07284 2.5667 -43.8293 8.59513 -1.72392 10.3819
 48.000000 -1.77536 2.28449 -32.6263 10.74 0.358096 10.5935
 49.000000 -2.5401 2.88404 -35.9789 10.5855 -0.0080524 10.6605
 50.000000 -2.90924 2.3959 -22.7231 5.4805 -5.17996 10.6937
 51.000000 -2.25179 2.99981 -28.6788 9.11659 -1.57707 10.7714
 52.000000 -2.13535 3.01414 -55.2896 10.2999 -0.471456 10.8664
 53.000000 -2.83146 2.47865 -41.1861 8.47467 -2.39175 10.9271
 54.000000 -2.81773 2.42807 -16.4714 9.76306 -1.16405 11.0078
 55.000000 -0.968528 2.67129 -27.5496 8.8967 -2.11109 11.1778
 56.000000 -1.97676 0.34009 -21.1953 11.4749 0.297018 11.2987
 57.000000 -2.48141 2.80256 -33.3643 12.287 0.988236 11.432
 58.000000 -2.28759 2.60787 -48.3805 11.6535 0.221474 11.5733
 59.000000 -1.42758 2.19572 -51.0844 15.8915 4.31817 11.9688
 60.000000 -3.0577 -3.07334 -34.9749 4.11311 -7.8557 11.9914
 61.000000 -2.95855 2.3252 -34.3421 7.80537 -4.18603 12.0442
 62.000000 -1.90892 2.69023 -27.1844 12.4916 0.447365 12.1877
 63.000000 -2.43818 2.81743 -42.5903 13.4265 1.23872 12.3458
 64.000000 -3.06773 2.39012 -4.35416 5.78569 -6.56012 12.3774
 65.000000 -2.75326 2.66307 -34.1951 13.8604 1.48298 12.5295
 66.000000 -2.33247 3.11213 -31.881 13.579 1.04945 12.7122
 67.000000 -2.89658 2.84498 -31.6351 11.8381 -0.87403 12.8322
 68.000000 -2.09104 2.40978 -30.6628 13.9318 1.09964 12.9819
 69.000000 -2.00925 2.87771 -49.4476 14.5672 1.58535 13.1478
 70.000000 -2.16303 2.60396 -41.8567 15.3241 2.17625 13.3594
 71.000000 -2.3671 2.56605 -7.20517 15.6322 2.27285 13.6144
 72.000000 -1.47316 2.7085 -27.9222 16.3455 2.73108 13.8446
 73.000000 -0.829361 0.272483 -21.3731 5.83249 -8.01215 13.8753
 74.000000 -1.59703 0.775802 -38.4083 15.6027 1.72739 14.1039
 75.000000 -1.41234 2.05842 -44.8315 18.1046 4.00073 14.4015
 76.000000 -1.02008 1.87241 -30.1276 12.3311 -2.07031 14.5311
 77.000000 -0.769709 0.0768141 1.16336 5.79261 -8.73851 14.5552
 78.000000 -1.632 0.969424 -31.4693 16.3609 1.80573 14.8134
 79.000000 -1.52326 1.38127 -30.2163 18.6361 3.82271 15.1497
 80.000000 -1.18509 0.862105 -32.607 17.6294 2.47965 15.4291
 81.000000 -1.48196 1.23165 -26.4637 20.006 4.57696 15.8188
 82.000000 -1.95745 0.834394 -30.1039 16.1776 0.358838 15.9492
 83.000000 -1.60717 1.05345 -43.1204 18.9934 3.0442 16.2906
 84.000000 -1.50326 2.05134 -19.4935 21.1742 4.88352 16.7074
 85.000000 0.965337 -2.27153 -13.3851 0 -16.7074 16.7023
 86.000000 0.65463 -1.34494 -11.2423 0.357388 -16.3449 16.6971
 87.000000 1.23736 -0.871593 -25.5579 0.489247 -16.2079 16.692
 88.000000 0.855714 -1.3899 8.40359 1.93827 -14.7537 16.687
 89.000000 1.21602 -0.658788 -22.8188 1.96743 -14.7196 16.6821
 90.000000 0.753567 -0.0101989 -32.2762 2.8732 -13.8089 16.6773
 91.000000 1.27722 -0.670587 -21.2067 2.76428 -13.913 16.6725
 92.000000 1.02766 -1.11707 -34.2593 4.49278 -12.1797 16.668
 93.000000 1.07161 -0.698162 -42.9752 5.53371 -11.1343 16.6638
 94.000000 0.884688 -0.157391 -34.7084 5.92968 -10.7341 16.6598
 95.000000 1.01313 -0.566434 -21.393 7.37673 -9.28309 16.6565
 96.000000 1.11401 -0.809712 -26.5889 7.85858 -8.79789 16.6536
 97.000000 0.899553 -1.05393 -10.5179 8.43943 -8.21419 16.6515
 98.000000 1.03442 -1.06037 -36.6412 9.98851 -6.66295 16.6506
 99.000000 1.05041 -1.04156 -24.3167 10.8364 -5.81419 16.6513
 100.000000 1.04142 -0.717209 -27.3087 11.778 -4.87329 16.6539
 101.000000 0.703725 -0.295614 -9.44525 6.48071 -10.1732 16.6537
 102.000000 0.690664 0.0353163 -16.4475 7.13999 -9.51368 16.6543
 103.000000 0.887461 -0.286999 -13.9258 12.5165 -4.13785 16.6621
 104.000000 0.988178 -0.993511 -16.3583 14.0624 -2.59965 16.6748
 105.000000 1.19761 -1.3842 -4.75699 10.8599 -5.81492 16.6861
 106.000000 0.813783 -0.531421 -26.4454 12.6811 -4.00505 16.7037
 107.000000 1.23861 -0.437395 -23.2899 10.4631 -6.24057 16.7199
 108.000000 1.27809 -1.34893 -17.137 9.92313 -6.79673 16.7371
 109.000000 0.783621 -0.620945 -16.8714 12.792 -3.94515 16.7651
 110.000000 1.17091 -0.510141 -34.7062 14.5416 -2.22346 16.8048
 111.000000 1.31462 -1.13233 -13.4814 10.118 -6.68677 16.8329
 112.000000 0.843715 -1.04288 4.49747 15.5815 -1.25139 16.8896
 113.000000 1.12719 -0.904532 -18.106 17.3486 0.458962 16.9671
 114.000000 1.23707 -0.84674 -0.934479 14.7715 -2.19565 17.0397
 115.000000 1.39152 -0.92703 -2.14163 8.84682 -8.19286 17.0813
 116.000000 -0.0643177 -1.0276 -12.5919 0.0023335 -17.0789 17.0764
 117.000000 -2.47701 1.98276 -32.9545 16.7505 -0.325894 17.1427
 118.000000 -1.95196 0.753699 -28.7419 17.1668 0.0241443 17.2539
 119.000000 -0.846446 1.21202 -21.9541 9.04761 -8.20629 17.2827
 120.000000 -0.911269 -0.00139025 34.4426 11.8734 -5.40935 17.3376
 121.000000 -1.83654 0.945248 -28.701 17.6956 0.357997 17.5021
 122.000000 -1.47192 0.912264 -11.6308 22.2865 4.78436 17.8506
 123.000000 -1.82801 1.33944 -6.47662 18.5943 0.743739 18.0375
 124.000000 -1.10304 1.03559 -1.54785 17.8398 -0.197707 18.2057
 125.000000 -1.37084 0.821292 -39.9956 23.0215 4.81577 18.5725
 126.000000 -1.22141 0.557916 -16.4067 21.5412 2.96875 18.8736
 127.000000 -0.907572 0.998465 -19.9156 13.3516 -5.52198 18.9435
 128.000000 -1.26989 1.06559 -14.1695 23.2377 4.29424 19.3066
 129.000000 -1.43332 0.934453 -45.8875 24.7733 5.4667 19.7292
 130.000000 -2.91877 2.92167 -37.6594 12.216 -7.51317 19.7346
 131.000000 -2.64663 2.95679 -40.4769 17.502 -2.23259 19.7577
 132.000000 -2.26925 3.07434 -7.70963 17.5627 -2.19498 19.7991
 133.000000 -2.23895 2.43304 -33.5396 18.4214 -1.37765 19.8508
 134.000000 -1.84566 2.37075 -38.2751 19.5801 -0.27074 19.9936
 135.000000 -2.53739 2.49658 -41.554 18.9342 -1.05942 20.0364
 136.000000 -3.04055 2.40102 -10.9226 9.37873 -10.6577 20.0405
 137.000000 -2.96613 2.57522 -22.0119 12.8339 -7.20664 20.0516
 138.000000 -1.90991 2.4414 -30.1509 20.2788 0.227134 20.174
 139.000000 -1.96018 2.63074 -8.86993 21.0093 0.835233 20.2938
 140.000000 -2.65271 2.31992 -21.09 19.423 -0.870795 20.3377
 141.000000 -1.27297 1.8668 -38.6841 24.3887 4.05094 20.6613
 142.000000 -2.83495 -3.12613 -27.479 17.5584 -3.10286 20.6889
 143.000000 -3.05903 2.79117 -17.2014 10.9123 -9.7766 20.6978
 144.000000 -2.14139 2.54173 -32.4718 20.7761 0.0783412 20.7835
 145.000000 -2.36319 2.55981 -40.2045 20.1991 -0.584394 20.8609
 146.000000 -3.03747 2.46478 -22.5786 12.6721 -8.1888 20.8738
 147.000000 -0.71388 2.00728 10.2102 7.46421 -13.4096 20.881
 148.000000 -1.28441 1.16917 -33.0652 25.2058 4.3248 21.2023
 149.000000 -0.781757 0.544948 -20.6293 10.8067 -10.3956 21.2232
 150.000000 -1.46185 0.847852 -11.8402 26.2197 4.99643 21.5884
 151.000000 -1.39736 1.21216 -44.4358 27.1622 5.5738 21.9772
 152.000000 -0.625432 1.22117 -15.4888 6.27967 -15.6975 21.9772
 153.000000 -0.686011 2.47106 -20.5465 9.29302 -12.6842 21.9823
 154.000000 -0.482042 0.736576 -4.95432 3.93887 -18.0435 21.9786
 155.000000 -2.64628 2.28874 -40.2552 21.1719 -0.806706 22.0208
 156.000000 -2.70217 -0.440534 1.49805 21.5334 -0.487438 22.068
 157.000000 -1.02404 2.43181 -13.7256 20.0207 -2.04733 22.2129
 158.000000 -1.43786 1.56666 -10.2572 27.6656 5.45272 22.599
 159.000000 -0.912726 1.79608 -21.0627 17.6856 -4.91341 22.6737
 160.000000 -0.970272 1.17078 -37.2391 19.9941 -2.6796 22.7921
 161.000000 -2.31001 2.79855 -15.5276 21.1987 -1.59334 22.8413
 162.000000 -2.45052 2.60011 -23.121 22.3351 -0.506203 22.8992
 163.000000 -1.77801 3.01094 -21.0049 22.2289 -0.670392 23.0492
 164.000000 -2.55789 2.53087 -43.1258 23.3277 0.278474 23.1112
 165.000000 -0.442063 -0.634676 -22.2821 4.21149 -18.8997 23.1074
 166.000000 1.3682 -0.708894 -8.15112 10.8299 -12.2775 23.1078
 167.000000 0.573508 -0.274778 -15.9749 6.64717 -16.4607 23.1054
 168.000000 1.00881 -0.465926 -31.2073 20.117 -2.98845 23.1145
 169.000000 1.4124 -1.01417 -9.68033 9.84938 -13.2651 23.1157
 170.000000 0.599562 -1.51889 12.279 8.68202 -14.4336 23.115
 171.000000 0.963554 -0.83499 -17.8378 20.626 -2.48894 23.1292
 172.000000 0.644848 0.0193625 -23.2654 11.5518 -11.5774 23.1322
 173.000000 1.43527 -1.07587 7.14902 9.78991 -13.3423 23.1349
 174.000000 0.204403 0.329599 27.0508 1.1166 -22.0183 23.1304
 175.000000 0.76437 -1.23379 -14.1871 16.9176 -6.21279 23.1421
 176.000000 0.428801 -1.07221 -24.0376 5.34414 -17.798 23.1395
 177.000000 1.2211 -1.23721 -8.32904 19.3932 -3.74628 23.1586
 178.000000 0.755125 -1.49516 14.718 17.6874 -5.47121 23.1755
 179.000000 0.984497 -0.595624 -36.2925 23.0044 -0.17117 23.2127
 180.000000 1.45137 -0.419524 -14.8774 10.4049 -12.8078 23.2206
 181.000000 0.273295 0.0149183 15.6939 3.51649 -19.7041 23.2166
 182.000000 0.118567 -0.67871 10.1309 3.2215 -19.9951 23.2122
 183.000000 -2.03034 2.78228 -35.1519 22.9875 -0.224684 23.2802
 184.000000 -2.15179 2.99674 -17.8872 23.2666 -0.0136027 23.3538
 185.000000 -2.81681 -3.09672 -29.8972 21.11 -2.24376 23.3922
 186.000000 3.12385 2.60565 -22.1364 8.68093 -14.7112 23.3951
 187.000000 3.04749 2.55092 -15.5746 6.49657 -16.8985 23.3948
 188.000000 -3.09989 -3.1168 -22.0172 13.0732 -10.3216 23.4036
 189.000000 -2.82959 2.98957 -26.822 22.205 -1.19854 23.4525
 190.000000 -2.61526 2.82041 -24.9261 24.7528 1.30024 23.5398
 191.000000 -2.0355 2.29572 -20.0873 24.1859 0.646089 23.6239
 192.000000 -2.06002 2.34156 -33.9534 24.817 1.19312 23.7202
 193.000000 -1.97309 2.81095 -38.3713 25.1618 1.4416 23.8335
 194.000000 -2.01219 2.67242 -37.1817 25.9704 2.13687 23.9605
 195.000000 3.08668 2.61379 -25.1543 9.92167 -14.0388 23.9646
 196.000000 -2.92262 2.93457 -21.3556 21.2777 -2.68683 24.0066
 197.000000 -1.68922 1.91912 -4.8768 24.7444 0.737789 24.194
 198.000000 -2.51755 -3.09928 -22.3391 25.2301 1.03606 24.2934
 199.000000 -2.81125 2.95487 -39.5762 24.4997 0.206274 24.3686
 200.000000 -1.77436 2.12103 -22.514 25.0318 0.663132 24.5312
 201.000000 -3.014 3.00412 -14.896 19.4151 -5.11612 24.5671
 202.000000 2.98124 2.8166 -22.8531 6.94549 -17.6216 24.5686
 203.000000 -0.0192546 -0.322556 0.469513 3.33207 -21.2365 24.5643
 204.000000 -1.0862 1.6697 -45.6718 23.6878 -0.876516 24.68
 205.000000 -1.58013 0.85454 -6.85144 27.3676 2.68762 24.9066
 206.000000 -1.46879 0.850886 -33.5453 29.3448 4.43827 25.1721
 207.000000 -0.841023 1.99989 -30.4317 17.4132 -7.75892 25.197
 208.000000 -1.77303 0.537068 -27.0947 26.1783 0.981317 25.3731
 209.000000 -1.33501 0.800977 -28.2787 29.7015 4.32843 25.6398
 210.000000 -1.08139 1.06469 -42.9876 24.9207 -0.719125 25.7766
 211.000000 -0.629896 0.642346 18.5666 10.9191 -14.8575 25.7774
 212.000000 -1.4462 1.13533 -12.2194 30.7667 4.98931 26.0823
 213.000000 -1.48888 1.62624 -28.5105 30.9315 4.84922 26.3964
 214.000000 -1.2802 1.28509 -38.3705 30.5048 4.10841 26.6907
 215.000000 -0.901278 0.785814 -17.4244 20.9213 -5.76946 26.7424
 216.000000 -1.76732 1.54053 -28.8232 27.2054 0.462992 26.9139
 217.000000 -0.823369 2.17107 -33.7875 19.124 -7.78989 26.9405
 218.000000 -1.55196 1.43891 -10.3219 31.0353 4.09479 27.2509
 219.000000 -1.23758 1.2161 -45.0504 30.5763 3.32544 27.5311
 220.000000 -1.54969 1.37788 -19.8882 31.7555 4.22433 27.8531
 221.000000 -1.17858 0.15991 -15.2412 29.8314 1.97829 28.0989
 222.000000 -0.819783 1.74467 -7.08942 19.8888 -8.2101 28.1265
 223.000000 -0.758652 -0.42938 -21.4354 18.3032 -9.82335 28.1424
 224.000000 0.898658 0.084336 -37.0613 22.648 -5.49447 28.1448
 225.000000 1.50653 -0.444547 -4.95935 8.79439 -19.3504 28.1419
 226.000000 1.61089 -0.119731 14.3763 5.57423 -22.5677 28.1382
 227.000000 0.684081 -0.320068 -30.727 16.6463 -11.4919 28.138
 228.000000 0.655239 -0.450401 -29.8766 16.2548 -11.8832 28.1378
 229.000000 0.472274 -0.32186 -12.3402 9.88364 -18.2541 28.1348
 230.000000 1.02315 -0.737937 -12.3286 24.7898 -3.34496 28.1417
 231.000000 0.644983 -0.742875 -21.7647 17.349 -10.7928 28.143
 232.000000 1.31932 -0.587946 -13.6527 18.6249 -9.51807 28.1456
 233.000000 1.48841 -0.729243 2.09705 11.9582 -16.1874 28.1443
 234.000000 1.45785 -1.12496 -9.78372 14.2056 -13.9387 28.144
 235.000000 0.767683 -1.37443 -25.7289 22.3693 -5.77471 28.1512
 236.000000 0.487542 -0.716456 -9.24606 12.1231 -16.028 28.1499
 237.000000 1.21742 -1.1007 -16.8592 23.5845 -4.56541 28.1601
 238.000000 1.07238 -1.28032 -1.42285 26.4144 -1.74562 28.1782
 239.000000 -2.2912 1.57104 -32.5054 25.0342 -3.144 28.2062
 240.000000 -1.25537 1.1957 -20.4376 32.2502 4.04404 28.5052
 241.000000 -0.718258 1.50266 -25.5809 17.4138 -11.0914 28.5157
 242.000000 -1.43429 1.28248 -24.8592 34.201 5.68536 28.8644
 243.000000 -1.7325 1.88403 -31.5055 28.9625 0.0981886 29.0437
 244.000000 -1.53352 2.15645 -22.8993 33.6295 4.58576 29.3708
 245.000000 -2.22404 2.31044 -16.4611 26.1379 -3.23287 29.3941
 246.000000 -2.50102 2.82101 -37.9168 26.5292 -2.86491 29.4117
 247.000000 -2.68337 2.91312 -13.9079 27.1656 -2.24617 29.429
 248.000000 3.06352 2.65357 -24.0762 11.4965 -17.9325 29.4271
 249.000000 -2.77081 2.65452 -41.5909 26.9679 -2.45915 29.445
 250.000000 -1.97276 2.62125 -26.9291 28.7216 -0.72337 29.5056
 251.000000 -2.28868 2.56007 -23.3103 26.8442 -2.66146 29.537
 252.000000 -2.39878 2.22682 -0.15274 27.478 -2.05906 29.5702
 253.000000 -1.83644 2.22672 -35.2136 29.3616 -0.20859 29.6911
 254.000000 -0.374932 -0.264792 16.2264 5.17099 -24.5201 29.6872
 255.000000 -0.876975 0.922252 -12.3577 23.8146 -5.87251 29.7242
 256.000000 -1.24198 1.44396 -23.5972 33.1345 3.41033 29.9937
 257.000000 -1.77918 1.45938 -9.14133 30.1592 0.165524 30.146
 258.000000 -0.933512 1.3897 -14.1806 26.0694 -4.07659 30.2078
 259.000000 -2.74071 2.5045 -26.2429 28.0693 -2.13842 30.2276
 260.000000 2.96802 2.74698 -5.91684 8.23413 -21.9934 30.2245
 261.000000 3.01206 2.86676 -0.161804 11.0533 -19.1712 30.2222
 262.000000 -2.97066 2.9453 11.6724 23.7842 -6.43791 30.2317
 263.000000 -2.67839 2.65643 -32.1823 29.3934 -0.838259 30.2614
 264.000000 -2.47843 2.58181 -27.7411 29.0731 -1.18829 30.299
 265.000000 -2.62728 2.93008 -3.94296 30.4173 0.118217 30.342
 266.000000 -2.81654 2.77398 -5.72507 28.9522 -1.38985 30.3782
 267.000000 -2.78003 2.58155 -39.6258 30.1742 -0.203995 30.4248
 268.000000 -2.29178 2.45945 -32.9991 28.6342 -1.79058 30.4725
 269.000000 -3.09063 2.10431 -5.72122 20.5699 -9.90263 30.4848
 270.000000 -0.0916912 0.1048 15.0616 4.35211 -26.1327 30.4809
 271.000000 -1.32047 0.866694 -16.7256 35.2217 4.74077 30.7591
 272.000000 -1.67994 2.5799 -33.6834 32.0212 1.26203 30.9578
 273.000000 -2.06772 3.04896 -18.9415 30.2372 -0.720547 31.0083
 274.000000 -2.81745 2.35146 -24.3266 30.3017 -0.706614 31.0511
 275.000000 -2.87759 2.68003 14.3676 29.451 -1.60017 31.0927
 276.000000 -1.9346 2.50473 -33.339 31.1167 0.0239748 31.1709
 277.000000 -2.83645 2.71668 -28.0812 30.9805 -0.190377 31.2232
 278.000000 -2.49358 2.66389 -20.5869 31.2804 0.0572795 31.2917
 279.000000 -2.02709 2.76795 -30.5894 31.4784 0.186765 31.3568
 280.000000 -3.13822 2.40581 -17.0848 19.6322 -11.7247 31.37
 281.000000 -2.46602 2.60054 -27.9711 31.4759 0.105922 31.4451
 282.000000 -3.11233 2.94637 -11.3683 21.6479 -9.79727 31.4637
 283.000000 -2.33418 2.5004 -39.1772 30.6462 -0.817439 31.5337
 284.000000 -2.56064 2.93371 -29.5605 33.4179 1.88412 31.6336
 285.000000 -2.96384 2.70036 -34.3596 28.7715 -2.8621 31.6863
 286.000000 -2.38379 2.33833 -22.5768 31.8792 0.192931 31.7783
 287.000000 -2.24206 2.703 -50.0232 31.5681 -0.210162 31.8584
 288.000000 -2.52441 3.13219 -9.28601 34.1952 2.33683 31.9845
 289.000000 -3.10661 2.48342 -4.25659 23.0513 -8.93318 32.0108
 290.000000 -1.8881 2.55465 -30.3579 32.2024 0.191574 32.0978
 291.000000 -2.77044 3.13554 -26.2376 34.3707 2.27282 32.2152
 292.000000 -2.46999 2.62682 -46.7239 34.2982 2.08291 32.3518
 293.000000 -2.34165 2.65571 -36.6989 33.2395 0.88772 32.4719
 294.000000 -2.41367 2.65389 -29.5336 34.5323 2.06042 32.6186
 295.000000 -1.54712 2.36076 -39.4405 35.4256 2.80701 32.7749
 296.000000 -1.0614 1.54386 -34.0089 29.885 -2.88985 32.8401
 297.000000 -0.584489 -0.658925 -2.51794 13.302 -19.5381 32.8379
 298.000000 -0.61554 1.00194 18.2714 15.4992 -17.3386 32.8364
 299.000000 -0.667183 -0.365877 5.2659 18.5643 -14.2721 32.8366
 300.000000 0.251765 -0.625279 7.24619 7.16894 -25.6677 32.8329
 301.000000 1.1244 -0.561797 -25.7309 26.4791 -6.35375 32.833
 302.000000 0.535328 -0.511963 1.43356 15.2533 -17.5796 32.8301
 303.000000 0.655571 -0.783998 -31.3332 20.5998 -12.2303 32.8284
 304.000000 1.33903 -1.12941 -15.4314 21.0309 -11.7975 32.8272
 305.000000 1.07868 -0.775956 -19.8755 27.9205 -4.90671 32.8292
 306.000000 1.26114 -0.494998 -22.9669 24.9336 -7.8956 32.8303
 307.000000 1.3825 0.0416866 37.6267 20.5038 -12.3265 32.83
 308.000000 1.07223 -0.850183 -15.4275 29.1276 -3.70236 32.8347
 309.000000 1.35968 -1.33831 -11.8835 22.4772 -10.3575 32.8362
 310.000000 0.450437 -1.00499 -4.93832 13.4231 -19.413 32.8332
 311.000000 0.411997 -0.338683 15.6388 12.9651 -19.8681 32.8301
 312.000000 1.52209 -1.05772 -13.0818 14.2463 -18.5837 32.8287
 313.000000 1.17562 -1.05865 -35.6915 29.2792 -3.54943 32.8356
 314.000000 0.816105 -1.03399 -47.5059 26.7914 -6.04415 32.8408
 315.000000 1.15568 -1.02503 -19.4599 30.2237 -2.61702 32.8513
 316.000000 1.2963 -0.926464 -13.6269 27.1858 -5.66553 32.8599
 317.000000 1.13668 -0.589513 -30.0593 31.3842 -1.47568 32.8757
 318.000000 0.636737 -0.452372 -8.70068 22.1456 -10.7301 32.8779
 319.000000 0.421403 -0.391731 -13.4453 14.573 -18.3049 32.8754
 320.000000 1.24729 -0.953297 -27.9087 29.8639 -3.01148 32.8914
 321.000000 -0.431027 -0.37858 -4.7926 9.40454 -23.4869 32.8881
 322.000000 -1.82541 2.44966 -19.2848 32.6974 -0.190635 32.9758
 323.000000 -3.02471 3.10615 -31.4287 27.7628 -5.21302 33.0186
 324.000000 -1.80996 2.30974 -27.0648 33.1912 0.172611 33.1151
 325.000000 -2.54849 2.53364 -50.7548 36.2814 3.1663 33.2604
 326.000000 -1.65301 0.387356 -19.543 34.7636 1.50322 33.3972
 327.000000 -2.82442 2.95159 -18.7249 34.7035 1.30634 33.5031
 328.000000 -2.45258 2.48329 -40.4488 35.9566 2.45346 33.6466
 329.000000 -2.35919 2.35033 -20.865 35.1294 1.48282 33.7787
 330.000000 -2.03706 2.54359 -41.0471 34.1299 0.351149 33.8537
 331.000000 -2.8284 2.81531 -22.945 35.2038 1.35008 33.9705
 332.000000 -1.49 2.41936 16.2452 37.3043 3.33382 34.1084
 333.000000 1.16242 -0.710091 -21.5883 32.1624 -1.946 34.121
 334.000000 1.04119 -1.41266 -14.2767 32.6589 -1.46215 34.1373
 335.000000 0.388606 -1.11079 5.28455 14.2494 -19.888 34.1344
 336.000000 -2.0978 2.76364 -23.1248 34.484 0.349591 34.2133
 337.000000 -2.19641 2.85286 -11.0332 34.8429 0.629598 34.3138
 338.000000 3.00411 2.67271 11.0247 14.4371 -19.8766 34.3177
 339.000000 -2.91421 -3.10661 -12.43 33.5096 -0.808096 34.4003
 340.000000 -1.59872 2.07306 -26.1493 36.4647 2.06439 34.527
 341.000000 0.0114415 -0.831879 13.8625 6.88137 -27.6456 34.5234
 342.000000 1.02849 -1.03837 -43.7374 33.0248 -1.49858 34.5397
 343.000000 1.18203 -1.08424 -42.9706 33.1609 -1.37882 34.558
 344.000000 -0.744098 1.94202 -5.24149 22.696 -11.862 34.5588
 345.000000 -1.01847 0.288547 -24.239 30.0097 -4.5491 34.592
 346.000000 -1.01712 1.4176 -27.5385 30.5208 -4.07113 34.6276
 347.000000 -0.725684 0.394706 -24.4879 23.0499 -11.5777 34.6294
 348.000000 -1.77149 0.263271 -23.3703 34.997 0.367585 34.7309
 349.000000 2.80086 2.98625 -9.04602 5.15661 -29.5743 34.7279
 350.000000 -2.14202 2.51589 -28.249 35.4154 0.687582 34.8164
 351.000000 -2.17596 2.92832 -28.6862 35.8292 1.01278 34.9165
 352.000000 -3.09214 2.99924 -22.3518 26.5146 -8.40195 34.9439
 353.000000 3.03085 2.75509 -23.6835 17.924 -17.02 34.9506
 354.000000 -3.12578 2.74796 8.93375 25.9085 -9.04216 34.9747
 355.000000 -2.66068 -3.1046 -22.2084 38.242 3.26728 35.1204
 356.000000 2.80931 2.97519 10.4609 7.14048 -27.98 35.1179
 357.000000 -1.09502 2.02191 -28.7149 32.7396 -2.37828 35.1683
 358.000000 -0.988195 0.743757 -7.90298 31.1797 -3.9886 35.1981
 359.000000 -1.03215 0.997683 -36.3892 32.535 -2.6631 35.2404
 360.000000 -1.19089 0.85211 -38.1741 35.8598 0.619494 35.3312
 361.000000 -1.70365 0.989468 5.5061 36.0233 0.692184 35.4398
 362.000000 -1.16891 0.859618 -45.1293 35.945 0.505158 35.5323
 363.000000 -1.18626 0.975736 -40.8808 36.712 1.17973 35.6385
 364.000000 -1.66429 0.655593 -27.593 36.949 1.31051 35.7642
 365.000000 1.53779 -0.830773 8.83319 15.1253 -20.6389 35.7642
 366.000000 0.674501 -0.442248 -41.5924 25.0236 -10.7406 35.7655
 367.000000 1.48083 -0.673406 -30.738 19.6583 -16.1072 35.7677
 368.000000 0.615287 0.0136509 2.1814 23.6925 -12.0752 35.7678
 369.000000 0.034043 -0.311621 9.3075 8.13176 -27.636 35.7644
 370.000000 -1.18263 1.11879 -26.5085 37.1219 1.35745 35.878
 371.000000 -0.904475 -0.000374298 -30.3552 30.9981 -4.87985 35.9096
 372.000000 -1.824 1.01091 -14.6036 36.321 0.411427 36.0021
 373.000000 -1.12382 1.01347 -29.7264 36.7204 0.718345 36.1034
 374.000000 -1.33848 1.06838 -39.4132 39.9623 3.85888 36.2758
 375.000000 -1.05332 1.0833 -31.1073 35.8706 -0.405259 36.3639
 376.000000 -1.30183 0.997504 -32.4633 40.3095 3.94554 36.5463
 377.000000 -1.58918 0.786703 -25.1908 39.0693 2.52297 36.7114
 378.000000 -1.15575 1.01048 -33.405 38.7767 2.06533 36.8567
 379.000000 -1.33806 0.825814 -26.0856 41.4128 4.55608 37.0674
 380.000000 -1.17661 0.922277 -26.3221 39.8729 2.80554 37.2383
 381.000000 -1.29671 0.998895 -55.263 41.8868 4.64852 37.4591
 382.000000 -1.16104 1.16706 -32.4969 40.2938 2.83473 37.6393
 383.000000 -1.64073 1.04913 -38.5742 38.9759 1.33657 37.7927
 384.000000 -0.270535 -0.556268 9.13177 7.35466 -30.438 37.7893
 385.000000 -1.29477 0.842001 -35.9691 42.6848 4.89552 38.0251
 386.000000 -0.356122 -0.864387 22.6844 9.64609 -28.379 38.0218
 387.000000 -1.39202 1.34405 -26.91 43.2136 5.1918 38.2719
 388.000000 -0.608381 0.216097 -10.8876 19.6038 -18.668 38.2729
 389.000000 -0.359613 0.0296129 -8.59848 10.9764 -27.2965 38.2696
 390.000000 -0.791611 2.5519 1.73132 28.7866 -9.48305 38.2933
 391.000000 -0.455696 -0.726606 7.61169 14.7923 -23.5009 38.2906
 392.000000 -1.23026 1.34221 -29.6149 42.6663 4.37569 38.52
 393.000000 -0.373794 1.85363 -1.72656 13.0272 -25.4929 38.5169
 394.000000 -1.55455 0.930517 -41.3536 41.5144 2.99752 38.7228
 395.000000 -0.818168 2.22746 -30.2351 30.6956 -8.02725 38.7537
 396.000000 -1.21288 0.734364 -52.6454 42.9273 4.17361 38.9827
 397.000000 -1.20852 1.60189 -32.1902 43.2301 4.24737 39.2157
 398.000000 -2.53237 3.10642 -49.1113 38.4929 -0.722776 39.2439
 399.000000 3.07464 2.68985 -22.8914 22.2227 -17.0211 39.244
 400.000000 -2.33989 2.23514 -27.335 37.1449 -2.09912 39.2703
 401.000000 -1.68391 2.93792 3.85287 39.2638 -0.00650131 39.3987
 402.000000 -2.37828 2.56786 -21.8859 37.9466 -1.45206 39.4282
 403.000000 -2.80761 2.51112 -54.1178 37.6808 -1.74738 39.4531
 404.000000 -1.86581 2.59427 -25.1265 37.6848 -1.76822 39.5059
 405.000000 -2.20026 2.46782 -11.2873 37.2986 -2.20736 39.5334
 406.000000 -2.71736 2.88591 -36.2795 39.2698 -0.263532 39.5682
 407.000000 -2.85689 2.81847 -18.6052 37.5338 -2.0344 39.5951
 408.000000 -2.093 2.54374 -37.8567 37.8398 -1.75528 39.6248
 409.000000 -2.83977 2.89782 -32.5783 38.3358 -1.28902 39.6566
 410.000000 -2.64475 -3.07856 -18.8532 40.6814 1.02477 39.708
 411.000000 -2.11976 2.87489 -29.6858 38.2308 -1.47721 39.7407
 412.000000 -2.60988 2.35697 -34.6601 41.0923 1.35156 39.7996
 413.000000 -2.58497 2.70238 -9.31876 41.4284 1.62884 39.8655
 414.000000 2.84451 3.1235 -7.90198 10.0271 -29.8383 39.8627
 415.000000 -1.67657 1.03882 -11.5458 40.202 0.339336 39.9829
 416.000000 -0.646043 0.423073 -0.791779 24.0616 -15.9212 39.9854
 417.000000 -2.90631 2.56054 -38.2899 37.5843 -2.40108 40.0219
 418.000000 1.34715 -0.405195 11.0871 28.4015 -11.6204 40.0209
 419.000000 -1.77766 -0.344324 -28.7354 39.3256 -0.695327 40.1029
 420.000000 -1.85171 -0.0441391 -35.3418 39.3351 -0.767864 40.1668
 421.000000 -0.149576 -1.01356 -2.85968 9.93224 -30.2346 40.1636
 422.000000 -1.36037 1.32426 -29.5513 45.1317 4.96807 40.3793
 423.000000 0.997845 -0.297563 -49.8869 33.8668 -6.51247 40.3793
 424.000000 -0.295798 -0.129938 4.31635 12.8127 -27.5666 40.3761
 425.000000 -1.75927 1.08744 -43.2621 40.3359 -0.0401654 40.4725
 426.000000 1.70438 -1.04522 25.5949 7.12963 -33.3429 40.4693
 427.000000 0.626002 -0.221101 -25.3699 24.7901 -15.6792 40.4669
 428.000000 0.315869 -0.201401 -9.39438 14.017 -26.45 40.4638
 429.000000 0.987215 -0.423652 -9.65967 34.2904 -6.1734 40.4642
 430.000000 0.682601 -0.126248 -14.9015 27.532 -12.9322 40.4625
 431.000000 1.39552 -0.371635 -20.4114 26.705 -13.7575 40.4616
 432.000000 0.518178 -0.259445 -15.4727 22.284 -18.1776 40.459
 433.000000 1.40882 -1.28673 -23.1046 26.5062 -13.9528 40.4583
 434.000000 0.600013 0.0556066 6.22064 26.0009 -14.4574 40.4562
 435.000000 0.433632 -0.346958 -22.2099 19.9912 -20.465 40.4534
 436.000000 0.687036 -0.838438 -15.6227 29.5602 -10.8932 40.4522
 437.000000 0.654181 -0.682908 -2.82126 29.2519 -11.2003 40.4508
 438.000000 0.730971 -0.665788 14.6688 31.5987 -8.85212 40.4505
 439.000000 1.18299 -0.365131 -24.2512 35.8825 -4.56798 40.4531
 440.000000 0.331668 0.124817 3.50375 17.0331 -23.4201 40.4502
 441.000000 0.375143 -0.261565 -11.6369 19.5474 -20.9028 40.4474
 442.000000 1.33612 -1.24881 -15.1995 31.3841 -9.0633 40.4488
 443.000000 -0.795819 -0.57998 4.54163 30.9647 -9.48417 40.4669
 444.000000 -1.05529 2.25638 -4.28357 40.0872 -0.379709 40.577
 445.000000 -1.50922 0.216729 -15.673 44.4688 3.89174 40.7772
 446.000000 -1.37139 0.729213 -44.2699 45.9601 5.18294 41.0042
 447.000000 0.464614 -0.633007 -23.4881 24.0837 -16.9205 41.0018
 448.000000 1.57769 -1.54626 -16.5932 16.2584 -24.7434 40.9997
 449.000000 1.40959 -1.42059 -2.64325 28.3232 -12.6765 40.9998
 450.000000 0.128174 -0.573632 9.76334 12.7845 -28.2154 40.9967
 451.000000 -0.0796032 -0.174774 11.777 11.7683 -29.2284 40.9936
 452.000000 -0.626362 0.122435 -9.52106 24.5283 -16.4653 40.9949
 453.000000 -0.950768 0.30276 -32.0514 37.4111 -3.58383 41.0616
 454.000000 -1.02983 0.186542 -39.7262 40.3164 -0.74516 41.1687
 455.000000 -2.981 -3.12688 -39.1678 35.344 -5.8247 41.185
 456.000000 -3.12385 3.0898 -27.3424 28.8924 -12.2926 41.1914
 457.000000 -2.55429 2.85926 -30.2371 41.8215 0.630093 41.2365
 458.000000 -2.96738 2.64158 -9.23154 36.8022 -4.43435 41.2587
 459.000000 -1.94438 2.59671 -32.5518 39.8702 -1.38853 41.2978
 460.000000 -0.456347 -0.714134 17.2056 18.5488 -22.7491 41.2954
 461.000000 0.9565 -0.673243 -18.6512 35.8237 -5.47172 41.2979
 462.000000 0.986194 -0.463106 -37.2551 36.7029 -4.59499 41.3014
 463.000000 1.56314 -0.715702 -12.5748 18.4618 -22.8396 41.2999
 464.000000 0.934715 -0.289497 -34.4606 36.4038 -4.89608 41.304
 465.000000 1.16621 -0.862416 -26.6078 38.1867 -3.11726 41.3097
 466.000000 0.23731 -0.623175 2.20895 16.5095 -24.8002 41.3067
 467.000000 -1.14924 1.39553 6.5574 43.9584 2.65167 41.4696
 468.000000 3.01273 2.78225 -9.93921 20.8708 -20.5988 41.4701
 469.000000 -2.33491 2.30524 -16.8717 39.7077 -1.76231 41.5037
 470.000000 -2.02205 3.01158 -31.8494 40.0785 -1.42525 41.5355
 471.000000 -2.05886 2.60375 -31.3815 40.3204 -1.21512 41.5681
 472.000000 3.09153 2.9156 -19.7263 26.4028 -15.1653 41.5719
 473.000000 -2.17688 2.24821 -24.7308 40.1228 -1.44913 41.6057
 474.000000 -2.61733 3.12474 -16.515 42.8378 1.2321 41.6581
 475.000000 2.74751 2.81879 -6.19135 7.29174 -34.3663 41.6551
 476.000000 -2.98284 2.85562 -14.8151 37.3337 -4.3214 41.6783
 477.000000 -2.92714 2.87579 -8.59448 39.5996 -2.07866 41.711
 478.000000 -2.54052 2.78141 -31.3622 42.9653 1.25434 41.7725
 479.000000 -2.11745 2.45226 -29.8294 40.8579 -0.914551 41.8096
 480.000000 -2.17231 2.47268 -11.12 41.0393 -0.770279 41.8514
 481.000000 2.94016 2.86942 24.4185 18.2848 -23.5666 41.8509
 482.000000 -2.57105 2.45626 -18.9263 43.6575 1.80655 41.9212
 483.000000 -2.61567 2.88545 -26.9358 44.1916 2.27035 41.9983
 484.000000 -3.06716 2.81652 -4.79715 34.8912 -7.1071 42.0195
 485.000000 -1.53834 2.44523 -14.204 44.8029 2.78331 42.1692
 486.000000 -2.43324 2.20061 -47.2365 42.9881 0.818905 42.2391
 487.000000 2.84439 3.07562 -4.89825 13.5931 -28.6459 42.237
 488.000000 0.27084 0.32055 6.08411 18.2677 -23.9692 42.2341
 489.000000 1.48481 -1.16014 3.07086 24.8206 -17.4135 42.2335
 490.000000 0.113635 -0.29572 13.8268 15.1188 -27.1147 42.2305
 491.000000 1.39868 -0.539904 -17.9292 30.9591 -11.2715 42.2315
 492.000000 0.908266 -1.5474 -14.6091 36.6659 -5.56567 42.235
 493.000000 0.801553 -0.834091 -18.2177 35.1874 -7.04761 42.2372
 494.000000 1.64526 -0.88089 -2.39774 14.2985 -27.9387 42.2351
 495.000000 1.12135 -0.637532 -24.0541 39.6266 -2.60848 42.2418
 496.000000 1.80955 -0.662309 -0.202057 5.91844 -36.3234 42.2389
 497.000000 0.883 -0.259174 10.3455 37.3038 -4.93509 42.2444
 498.000000 1.27814 -0.472977 -16.3268 37.5535 -4.69088 42.2509
 499.000000 0.0699111 0.802122 -8.71844 15.1871 -27.0638 42.248
 500.000000 -2.99107 3.12754 -20.6082 38.6678 -3.58015 42.2809
 501.000000 -2.66068 -3.09293 -36.3057 44.9079 2.62696 42.3667
 502.000000 0.12057 -1.46035 27.4151 16.8222 -25.5445 42.3638
 503.000000 0.149336 -1.14156 -4.22482 18.1067 -24.2571 42.361
 504.000000 2.73301 3.0285 16.6757 8.8804 -33.4806 42.3582
 505.000000 -1.96055 2.39192 -13.0045 41.8747 -0.483512 42.4004
 506.000000 3.0303 2.65113 -7.08932 25.8787 -16.5217 42.4052
 507.000000 -2.03057 2.77659 -35.01 42.318 -0.0872027 42.4485
 508.000000 -1.52814 0.983468 -35.9648 45.3891 2.94065 42.5908
 509.000000 -1.71698 1.11725 -15.9749 42.8217 0.230893 42.6834
 510.000000 -2.75888 -2.90208 -19.408 44.6369 1.95349 42.7573
 511.000000 -1.42246 1.08572 -21.2093 47.1203 4.36295 42.9215
 512.000000 -1.62809 1.13693 -29.0425 44.5864 1.66496 43.0474
 513.000000 -2.21977 0.247223 -15.8083 42.138 -0.90944 43.0928
 514.000000 -1.69022 2.50721 -23.455 43.9974 0.904614 43.2022
 515.000000 -1.99679 2.28768 -10.7511 43.261 0.0588086 43.2506
 516.000000 -2.91026 2.45429 -12.1152 42.2019 -1.04875 43.2947
 517.000000 -2.20715 2.46844 -50.824 42.7772 -0.517568 43.3437
 518.000000 0.239465 -0.415437 32.6974 20.6036 -22.7401 43.341
 519.000000 1.33113 -0.400995 18.2758 35.9624 -7.37858 43.344
 520.000000 0.706744 -0.743477 -35.0045 34.1466 -9.19735 43.3445
 521.000000 0.600331 -0.952377 -27.5817 31.7184 -11.6261 43.3437
 522.000000 1.24831 -1.03747 -26.2859 39.3079 -4.03582 43.3493
 523.000000 1.09636 -0.546216 -19.2303 41.2148 -2.1345 43.3577
 524.000000 0.826697 -0.641115 -20.2731 37.6187 -5.73897 43.3627
 525.000000 1.44309 -0.725893 -11.6664 30.6251 -12.7376 43.3657
 526.000000 0.447075 -0.304462 -6.62396 27.2314 -16.1343 43.3638
 527.000000 0.278706 -0.334854 8.5209 22.7451 -20.6188 43.3612
 528.000000 -0.482571 -0.12588 -1.20349 20.2123 -23.1489 43.3588
 529.000000 -0.885286 0.223937 -10.3018 36.3277 -7.03106 43.3838
 530.000000 -1.66336 0.916598 -34.3708 44.8544 1.47062 43.5009
 531.000000 -1.1729 0.60469 -23.4457 45.3721 1.87127 43.6174
 532.000000 -0.815378 0.267708 -15.08 34.3208 -9.29668 43.6326
 533.000000 -1.46899 0.742172 -32.8256 47.9027 4.27013 43.8005
 534.000000 -1.27282 0.756283 -45.782 47.7492 3.94869 43.9603
 535.000000 -1.46893 0.91464 -32.0466 48.4437 4.48339 44.1395
 536.000000 -1.02268 0.192053 -35.5846 42.032 -2.1075 44.2124
 537.000000 -1.03006 1.0655 -16.5347 42.6557 -1.55668 44.2917
 538.000000 -0.674916 0.932305 -7.62515 29.1666 -15.1251 44.2951
 539.000000 -0.36172 2.04491 3.16833 17.4789 -26.8162 44.2923
 540.000000 -1.00344 1.57983 -23.0874 42.3285 -1.96385 44.3651
 541.000000 -1.79978 2.50501 -12.6137 44.1053 -0.25975 44.4405
 542.000000 -2.46062 2.30532 -31.1929 44.5248 0.0842374 44.4862
 543.000000 -1.19194 0.822245 -24.2159 47.605 3.11877 44.6353
 544.000000 -1.73291 2.11986 -16.9853 45.0406 0.405228 44.7322
 545.000000 -3.02646 -3.08873 -9.81342 38.6037 -6.12846 44.7476
 546.000000 -2.35172 2.89568 -40.3326 43.7442 -1.0034 44.787
 547.000000 -0.817036 1.19601 -10.6495 36.1273 -8.65971 44.8074
 548.000000 -0.560366 -0.318767 -4.53448 25.3134 -19.494 44.8067
 549.000000 -0.78408 2.35333 -21.6434 35.5479 -9.25873 44.8226
 550.000000 -1.08169 2.43055 -10.677 45.6749 0.852384 44.9297
 551.000000 -1.36126 1.66735 -33.4144 49.8388 4.90903 45.12
 552.000000 -0.315202 -0.843746 18.9229 17.4283 -27.6917 45.1172
 553.000000 -1.30793 1.15615 -22.2597 49.993 4.87577 45.3079
 554.000000 -0.685215 -0.196255 28.8915 31.9683 -13.3397 45.314
 555.000000 -0.341114 -0.30236 7.63538 18.9611 -26.3529 45.3113
 556.000000 -1.6756 0.457918 -21.0129 46.3165 1.00523 45.427
 557.000000 -0.727355 0.0935547 -26.6166 34.4161 -11.011 45.437
 558.000000 1.19257 0.216961 -16.11 41.4864 -3.95059 45.4401
 559.000000 0.932289 0.299647 7.16949 40.1568 -5.28336 45.4433
 560.000000 -1.6346 1.13967 -26.1429 47.3697 1.92635 45.5788
 561.000000 -2.39177 3.00063 -24.9825 44.4847 -1.09419 45.6108
 562.000000 -2.51252 0.0256657 3.34369 46.0312 0.420363 45.6502
 563.000000 0.525379 -0.827361 -25.2748 30.8396 -14.8106 45.6483
 564.000000 1.14715 -0.506628 -13.5566 42.5097 -3.13861 45.6528
 565.000000 1.53404 -1.15205 -17.0673 24.7891 -20.8636 45.6521
 566.000000 1.66367 -1.46302 15.9115 15.7353 -29.9168 45.6501
 567.000000 1.60746 -1.08521 -2.61606 20.5671 -25.083 45.6486
 568.000000 -0.860925 -0.0859551 -19.544 39.9356 -5.71307 45.6801
 569.000000 -0.207584 -0.266439 1.23111 16.9147 -28.7655 45.6773
 570.000000 -1.18653 1.97013 -34.1992 48.9856 3.3083 45.832
 571.000000 -1.45497 0.474709 -32.0937 50.4973 4.66533 46.0217
 572.000000 2.87902 2.98226 -18.247 17.6823 -28.3394 46.0196
 573.000000 -2.48606 2.77647 -13.1534 46.1538 0.134235 46.0556
 574.000000 3.10494 2.89795 -29.5624 31.6843 -14.3713 46.0581
 575.000000 -2.36817 2.2827 -48.4655 45.1853 -0.872755 46.0925
 576.000000 2.88272 2.54723 3.49313 18.9206 -27.1719 46.0905
 577.000000 2.55863 -2.88462 28.6889 4.08911 -42.0014 46.0877
 578.000000 -3.09958 2.77372 -25.805 36.5696 -9.51812 46.0944
 579.000000 -0.321104 1.71821 -3.09479 19.8622 -26.2322 46.0918
 580.000000 -2.22301 1.38998 -16.5442 44.4709 -1.62087 46.1214
 581.000000 -1.69333 2.02457 -7.1965 46.8834 0.762018 46.2278
 582.000000 -2.86446 2.71328 -1.12204 44.6369 -1.59094 46.2537
 583.000000 -2.68395 2.71393 -43.3137 47.2073 0.953583 46.2971
 584.000000 2.75156 3.05447 -2.04141 12.9296 -33.3676 46.2945
 585.000000 -1.40755 1.47528 -41.6013 51.2565 4.96199 46.4813
 586.000000 -0.47986 -0.278122 -0.244476 25.3246 -21.1567 46.4794
 587.000000 -0.766589 -0.34389 -23.4116 37.1763 -9.3031 46.4924
 588.000000 -1.6704 1.09126 -31.5354 47.7501 1.25778 46.6096
 589.000000 -2.901 2.41207 -24.7921 44.4232 -2.18649 46.6335
 590.000000 -0.934337 1.40999 -11.9564 43.2243 -3.40916 46.6819
 591.000000 -0.721088 1.58423 -0.796265 36.0399 -10.642 46.6906
 592.000000 -1.53514 0.294826 -45.0967 50.5333 3.84265 46.8576
 593.000000 -0.238787 -0.884301 16.5131 19.1127 -27.7448 46.8549
 594.000000 -1.71603 1.9374 13.2823 47.4849 0.63004 46.9584
 595.000000 -2.47885 2.92526 -31.7827 47.2013 0.242939 46.996
 596.000000 -2.90026 2.54834 -0.995758 44.8432 -2.15281 47.0199
 597.000000 -2.38095 2.81829 -15.6339 46.4072 -0.612767 47.0566
 598.000000 -3.11553 -3.13004 -21.2308 36.9663 -10.0903 47.0643
 599.000000 -2.04884 2.49306 -24.5071 45.2483 -1.81599 47.092
 600.000000 -2.36616 2.81392 -27.5799 46.674 -0.417988 47.1317
 601.000000 2.69214 3.00126 0.867981 10.964 -36.1677 47.1291
 602.000000 -0.772494 -0.115031 -29.2261 38.5797 -8.54934 47.1417
 603.000000 0.989641 -0.766517 -12.9793 41.8431 -5.29867 47.1435
 604.000000 1.46958 -1.20038 -6.28156 31.2519 -15.8916 47.143
 605.000000 1.62762 -0.957303 -0.215668 20.1605 -26.9825 47.1411
 606.000000 0.576558 -0.612947 -13.9601 33.0344 -14.1067 47.1394
 607.000000 0.384358 -0.721981 -11.514 27.0759 -20.0634 47.137
 608.000000 1.37842 -1.04085 -31.5365 37.5469 -9.5901 47.1379
 609.000000 -1.90884 -2.99734 3.59726 45.9826 -1.15525 47.1832
 610.000000 -2.70599 2.33064 -37.8908 48.2509 1.06769 47.2295
 611.000000 -1.25359 2.92381 -20.9668 51.085 3.85555 47.3836
 612.000000 -2.12461 0.501643 -14.2368 45.8304 -1.55316 47.4124
 613.000000 2.83504 -3.04097 -0.175201 18.9621 -28.4503 47.4102
 614.000000 -2.92329 2.54269 -30.9984 45.1143 -2.29593 47.4357
 615.000000 -2.11414 2.17444 -21.4616 46.1973 -1.23833 47.4663
 616.000000 -2.8118 2.98245 -5.74487 47.7108 0.24443 47.5064
 617.000000 -2.08636 2.83505 -17.0316 46.5891 -0.917259 47.5392
 618.000000 3.06772 2.42424 -12.3039 32.5925 -14.9467 47.5429
 619.000000 -2.32592 2.81953 -32.3374 47.2743 -0.268643 47.5878
 620.000000 -1.42885 1.95141 -29.5414 52.2636 4.67582 47.7519
 621.000000 -1.50427 1.10485 -9.51031 51.9425 4.19055 47.9115
 622.000000 -1.59677 0.642578 -22.7525 50.7754 2.86393 48.0517
 623.000000 -1.52565 0.642151 -43.0434 52.2513 4.19958 48.2158
 624.000000 -1.19513 0.667085 -30.2837 50.812 2.59618 48.3501
 625.000000 -1.29687 0.903005 -24.1632 52.8306 4.4805 48.5209
 626.000000 -1.57543 0.616668 -6.15219 51.9192 3.39829 48.6775
 627.000000 -0.597076 -0.0110324 -6.45859 31.5544 -17.1232 48.6773
 628.000000 -0.105036 -0.58451 5.49661 18.2271 -30.4502 48.6747
 629.000000 -0.267419 -0.2138 4.23819 21.1269 -27.5478 48.6722
 630.000000 -0.231386 -0.238279 -9.93024 21.0718 -27.6004 48.6696
 631.000000 -0.899731 0.491803 -40.4039 43.6057 -5.06386 48.7013
 632.000000 -1.40039 1.69609 -25.8165 53.9867 5.28538 48.8912
 633.000000 -0.0483513 -0.756848 9.02011 19.767 -29.1242 48.8887
 634.000000 -0.672693 1.44222 21.6413 35.7265 -13.1622 48.8915
 635.000000 -2.6865 2.66613 -41.5891 49.2641 0.372608 48.9237
 636.000000 -2.41692 2.5404 -22.026 48.5432 -0.3805 48.957
 637.000000 -0.687597 2.67583 -9.58704 36.8173 -12.1397 48.9607
 638.000000 -1.84529 0.351116 -22.1172 47.6064 -1.35425 49.0175
 639.000000 -1.76805 0.591699 -33.2375 48.7898 -0.227782 49.1022
 640.000000 -0.473117 2.38089 1.50421 28.5238 -20.5784 49.1003
 641.000000 -1.75759 -0.0449221 -14.0117 49.2724 0.172083 49.1918
 642.000000 -1.18429 2.83165 -19.3884 51.5282 2.3364 49.3236
 643.000000 -0.877548 0.328234 -27.1812 44.053 -5.27056 49.3501
 644.000000 -0.404408 -0.650655 8.15402 26.8946 -22.4554 49.3479
 645.000000 -1.31353 0.00961496 -22.961 54.082 4.73414 49.5258
 646.000000 -0.784179 1.63895 -10.9151 41.6403 -7.88547 49.5382
 647.000000 -1.07636 1.11955 -13.9565 49.6965 0.158269 49.633
 648.000000 3.08701 2.82413 7.87381 34.1838 -15.4492 49.6342
 649.000000 -2.29958 2.90855 -17.5758 47.7986 -1.83559 49.6573
 650.000000 2.91155 -3.01678 -12.6136 24.5292 -25.1281 49.6556
 651.000000 -2.89274 2.35408 -22.5523 47.0767 -2.57885 49.6725
 652.000000 -2.40811 2.93661 22.3719 49.0946 -0.577895 49.7021
 653.000000 -1.57633 2.5945 -26.6781 53.1249 3.42284 49.8557
 654.000000 3.03395 2.38541 5.91418 32.2366 -17.6191 49.8559
 655.000000 -2.23755 3.11304 -24.0322 48.0267 -1.82924 49.8795
 656.000000 -1.72677 2.54624 -25.2368 50.378 0.498558 49.9783
 657.000000 -2.51458 2.52249 -12.7957 50.36 0.381744 50.0114
 658.000000 3.05824 2.69719 -4.08505 34.109 -15.9024 50.0122
 659.000000 -2.51301 3.1211 -1.56952 50.666 0.653789 50.0485
 660.000000 -2.08299 2.89248 -9.44708 48.2198 -1.82867 50.0741
 661.000000 -2.31588 2.18815 -20.8985 49.408 -0.666041 50.1072
 662.000000 3.07701 2.65293 -21.759 35.6236 -14.4837 50.1088
 663.000000 -1.79975 2.05762 -13.6539 49.6528 -0.455997 50.1813
 664.000000 -0.49106 -0.331445 -9.68927 30.4408 -19.7405 50.1797
 665.000000 0.969236 -0.586333 -30.831 42.0522 -8.12744 50.1789
 666.000000 1.0948 -0.681824 -19.0797 43.9671 -6.2118 50.1785
 667.000000 1.00328 -0.527829 -13.0763 43.3298 -6.84874 50.1782
 668.000000 1.64463 -0.708184 -8.91464 19.7889 -30.3893 50.176
 669.000000 1.43126 -0.79402 -2.21948 35.65 -14.5259 50.1748
 670.000000 -0.345515 -0.483644 11.4465 26.2212 -23.9537 50.1725
 671.000000 0.75358 -0.937268 -16.5768 38.5598 -11.6128 50.1712
 672.000000 1.06776 -1.38137 -12.9527 44.7274 -5.44386 50.1717
 673.000000 1.79101 -1.17989 23.5321 10.6102 -39.5615 50.1691
 674.000000 1.71207 -0.742112 11.8246 16.5908 -33.5784 50.1668
 675.000000 0.880682 -0.685839 -8.92706 41.9097 -8.25711 50.1666
 676.000000 1.34316 -0.686887 1.93558 40.9551 -9.21152 50.1666
 677.000000 -0.636227 -0.732583 6.63666 36.8919 -13.2747 50.1679
 678.000000 1.83167 -0.823571 17.3386 9.92378 -40.2441 50.1653
 679.000000 1.06896 -0.777813 -15.469 45.5108 -4.65458 50.1667
 680.000000 0.749555 -0.699129 -23.5556 39.4187 -10.748 50.166
 681.000000 0.643897 -0.233149 -1.98523 36.9235 -13.2425 50.1647
 682.000000 -0.455692 -0.431326 0.464508 30.535 -19.6297 50.1629
 683.000000 1.5473 -1.2642 8.42746 29.8147 -20.3482 50.1616
 684.000000 0.675854 -0.949751 -9.48816 38.31 -11.8516 50.1605
 685.000000 -0.0080407 -0.241104 6.29877 20.8462 -29.3143 50.1581
 686.000000 1.12867 -0.741389 -19.2974 46.2611 -3.89699 50.1604
 687.000000 -0.958362 -0.35472 -8.13327 47.3084 -2.85199 50.2039
 688.000000 -2.35013 3.06429 -21.0377 50.0438 -0.160128 50.2394
 689.000000 -1.88606 2.13329 -31.1367 49.2258 -1.01362 50.2896
 690.000000 2.98035 2.75025 -0.908661 30.5106 -19.779 50.2889
 691.000000 2.81154 2.90789 16.8407 20.4762 -29.8127 50.2868
 692.000000 -2.24777 2.47151 9.80377 49.5761 -0.710721 50.3206
 693.000000 3.12211 -3.0401 -36.5568 39.0703 -11.2502 50.3235
 694.000000 -0.0895946 1.48381 23.389 21.9429 -28.3806 50.3211
 695.000000 -1.00881 0.590857 -33.0156 48.8065 -1.51457 50.3787
 696.000000 2.75246 2.75988 3.03116 17.5959 -32.7828 50.3764
 697.000000 -0.265725 -0.412447 18.023 25.746 -24.6304 50.3741
 698.000000 1.29046 -0.982974 -17.1378 43.9679 -6.40619 50.3755
 699.000000 -1.00023 0.012234 -5.73776 48.9348 -1.44074 50.4328
 700.000000 -1.6987 0.692005 -8.46201 51.7767 1.34394 50.536
 701.000000 3.09677 2.93144 -36.2084 38.4311 -12.1049 50.538
 702.000000 -2.17364 2.5371 -38.6447 49.5712 -0.966817 50.5691
 703.000000 -1.86728 2.22561 -17.1722 50.0223 -0.546774 50.626
 704.000000 -1.99689 2.61155 -8.99466 49.9286 -0.697395 50.6654
 705.000000 -1.97274 1.96428 -27.1599 50.272 -0.393333 50.7095
 706.000000 -2.41026 2.74931 -14.5706 51.3568 0.647272 50.7501
 707.000000 -2.69198 2.39341 -24.3447 50.8856 0.135429 50.7847
 708.000000 -2.74133 2.83105 -27.383 50.6782 -0.106457 50.8181
 709.000000 -2.43383 3.04776 -18.172 52.0023 1.18424 50.8661
 710.000000 -2.21706 2.98647 -8.92953 50.8207 -0.0454469 50.9092
 711.000000 -2.36197 2.3802 6.98721 52.0232 1.11402 50.9615
 712.000000 -2.95162 2.58881 -13.6315 47.465 -3.49656 50.9784
 713.000000 -2.96375 2.63076 -35.4048 47.4976 -3.4808 50.9955
 714.000000 -2.80486 2.86519 -32.6107 50.7746 -0.220888 51.0312
 715.000000 -2.20593 2.75497 -20.7626 51.3089 0.277689 51.079
 716.000000 2.91218 2.77454 -11.6271 28.5936 -22.4854 51.078
 717.000000 -2.28719 2.8635 -50.6206 52.0729 0.994858 51.1339
 718.000000 -1.95464 2.47473 -46.3125 51.0296 -0.104261 51.1833
 719.000000 2.58672 2.71438 11.9201 9.22203 -41.9613 51.1809
 720.000000 -2.03137 2.43943 -19.919 51.5048 0.323905 51.2303
 721.000000 -2.72288 2.8305 -47.6381 52.0251 0.794756 51.2776
 722.000000 3.11657 2.90899 -32.5116 40.6806 -10.597 51.2826
 723.000000 -2.23521 2.37009 -24.8833 52.3572 1.07464 51.3421
 724.000000 -2.30692 2.83345 -16.7948 52.9947 1.65262 51.4092
 725.000000 -2.4725 2.82486 -36.4694 53.8324 2.42319 51.4829
 726.000000 -2.26199 2.23983 -38.5291 53.2197 1.73681 51.5543
 727.000000 3.03305 2.88346 -9.81 36.7758 -14.7786 51.5559
 728.000000 -0.0716827 0.984971 10.6543 22.8291 -28.7268 51.5536
 729.000000 -0.565256 0.0998915 6.55963 35.3808 -16.1728 51.5528
 730.000000 0.821767 0.132784 -11.0549 42.328 -9.22477 51.5524
 731.000000 0.728031 -0.331341 -16.6229 40.514 -11.0384 51.5514
 732.000000 1.21634 -0.54235 -9.78174 46.1937 -5.35769 51.5524
 733.000000 0.695323 -0.354492 -7.289 40.0422 -11.5103 51.5515
 734.000000 0.513587 -0.429723 -6.73407 33.8467 -17.7048 51.5497
 735.000000 0.325092 -0.556036 13.6133 27.0994 -24.4503 51.5474
 736.000000 1.39163 -0.999964 -13.8039 40.4389 -11.1085 51.5474
 737.000000 0.791376 -1.09055 -24.4446 43.0579 -8.4895 51.5475
 738.000000 0.72829 -1.3237 -18.197 42.06 -9.48749 51.5472
 739.000000 0.509323 -1.10754 -21.6096 34.8896 -16.6576 51.5455
 740.000000 0.534237 -1.45603 2.68912 36.3951 -15.1504 51.544
 741.000000 1.85208 -0.978428 13.2727 9.97176 -41.5722 51.5416
 742.000000 0.881842 -0.769058 -22.8576 45.5542 -5.98736 51.5431
 743.000000 0.496235 -0.590342 -4.89792 35.3119 -16.2312 51.5415
 744.000000 1.43411 -0.666993 7.5629 38.6083 -12.9332 51.5415
 745.000000 0.908238 -0.591755 -26.0615 46.3405 -5.20105 51.544
 746.000000 0.788862 -0.398818 -20.3193 44.909 -6.63494 51.5454
 747.000000 0.632808 -0.456682 -18.8025 41.4087 -10.1367 51.5452
 748.000000 0.889449 -0.547753 -35.2612 46.9307 -4.61457 51.5486
 749.000000 1.16758 -0.462489 -18.0623 48.172 -3.37652 51.5529
 750.000000 1.44476 -1.17283 -12.2924 38.5512 -13.0017 51.5536
 751.000000 0.971734 -0.905411 -8.89633 48.3307 -3.22288 51.5592
 752.000000 0.498522 -0.918938 -13.813 36.4317 -15.1275 51.5582
 753.000000 0.470834 -0.796104 -7.46994 35.5931 -15.9652 51.5571
 754.000000 0.355889 -0.994905 -19.238 30.7616 -20.7955 51.5553
 755.000000 1.01633 -1.17673 -24.6302 49.057 -2.49827 51.5622
 756.000000 1.1042 -1.16874 -19.2751 49.5661 -1.99612 51.57
 757.000000 0.96209 -0.416931 -14.7027 49.1804 -2.3896 51.5785
 758.000000 1.25458 -0.915359 -23.5462 47.8193 -3.75922 51.5857
 759.000000 0.0606425 -0.742573 -2.19672 23.5894 -27.9963 51.5834
 760.000000 0.960363 -0.762752 -16.664 49.5969 -1.98645 51.5938
 761.000000 0.391183 -0.153545 18.0206 33.0234 -18.5705 51.5924
 762.000000 1.19763 -0.090825 -8.36798 49.6155 -1.97692 51.6029
 763.000000 1.7469 -0.538205 -5.99207 17.4404 -34.1625 51.601
 764.000000 1.18537 -0.826292 -19.4314 50.1623 -1.43873 51.6132
 765.000000 -1.74929 0.581059 -12.357 52.234 0.620795 51.6839
 766.000000 -1.0077 0.652294 -13.6317 49.4706 -2.21334 51.72
 767.000000 1.20378 -0.444986 -23.6985 50.1461 -1.57394 51.7324
 768.000000 1.6053 -0.927426 -2.16949 28.5013 -23.2312 51.7326
 769.000000 1.64926 -0.743768 -4.36444 25.7501 -25.9825 51.732
 770.000000 1.19105 -0.574495 -21.8683 50.8019 -0.930082 51.7467
 771.000000 0.932614 -0.440685 -27.6405 50.1121 -1.63453 51.7622
 772.000000 0.488851 -0.173341 -20.681 37.9007 -13.8616 51.7622
 773.000000 1.71363 -1.15973 2.84396 21.5797 -30.1825 51.761
 774.000000 -0.769355 2.00054 -0.128418 43.3973 -8.36361 51.7675
 775.000000 -2.96906 2.59321 -27.1656 48.5582 -3.20928 51.7856
 776.000000 -2.833 3.00589 -33.6759 51.4549 -0.330694 51.8211
 777.000000 -1.73287 1.48812 -30.9001 52.6938 0.872783 51.8932
 778.000000 -0.985566 2.71562 -11.3848 49.4973 -2.39584 51.9252
 779.000000 -0.182045 -0.0253255 -12.6915 25.4616 -26.4637 51.923
 780.000000 -0.370547 -0.0293367 -3.85004 30.1518 -21.7712 51.921
 781.000000 -1.22413 0.709556 -48.3607 54.2595 2.33853 52.0058
 782.000000 -1.34085 0.616204 -42.6055 55.7314 3.72554 52.1133
 783.000000 -1.18405 0.869763 -42.7511 54.1251 2.0118 52.1975
 784.000000 -1.86884 1.13977 -17.8312 52.1701 -0.0274042 52.2507
 785.000000 -1.58665 1.02785 -12.1667 55.0969 2.8462 52.3541
 786.000000 -2.14628 0.828921 -16.3182 53.0612 0.707181 52.404
 787.000000 -0.551963 -0.555498 -7.07666 36.1029 -16.301 52.4032
 788.000000 -1.14744 1.02352 -33.7425 53.7678 1.36457 52.4798
 789.000000 -1.60834 0.908009 -35.3783 55.1203 2.64051 52.5818
 790.000000 -1.3255 0.790469 -27.4476 56.5351 3.95338 52.6998
 791.000000 -1.2667 1.06884 -23.4867 56.2289 3.52906 52.8124
 792.000000 -1.49041 1.06182 -43.5168 56.945 4.13261 52.9408
 793.000000 -1.40607 1.03168 -31.5374 57.5503 4.60954 53.0771
 794.000000 -1.15346 1.34382 -15.8433 54.7781 1.70097 53.1694
 795.000000 -1.04409 0.67436 -29.3291 52.3809 -0.788492 53.2314
 796.000000 -1.22871 0.660585 -0.675598 56.7101 3.4787 53.351
 797.000000 -1.23911 0.842502 -13.1285 57.1296 3.77856 53.477
 798.000000 -1.45062 1.10949 -34.4453 58.1222 4.64521 53.623
 799.000000 -1.60263 1.04767 -28.378 56.3314 2.70837 53.741
 800.000000 -1.21442 0.838307 -2.82205 57.167 3.42603 53.8661
 801.000000 -1.44819 0.977947 -23.8824 58.7221 4.85596 54.0199
 802.000000 -1.17321 0.794628 -23.9761 56.6938 2.67389 54.1371
 803.000000 -1.17951 1.27749 -27.0084 57.0985 2.96139 54.2594
 804.000000 -1.63639 1.42365 -12.602 56.2119 1.95245 54.3697
 805.000000 2.29522 2.43387 34.013 1.64073 -52.729 54.3674
 806.000000 -1.22465 -0.169882 -36.7115 58.2825 3.9151 54.5058
 807.000000 0.195723 -0.486696 20.0437 26.7914 -27.7144 54.5036
 808.000000 1.95162 -0.732261 38.4776 7.70274 -46.8009 54.5013
 809.000000 0.593702 0.101018 -2.08386 42.6482 -11.8531 54.5007
 810.000000 0.466813 -0.366462 -11.0175 37.9015 -16.5992 54.4993
 811.000000 -0.742253 -0.284198 16.2306 43.7084 -10.7909 54.5072
 812.000000 0.208893 -1.0617 -9.04803 27.9614 -26.5457 54.505
 813.000000 -2.04972 1.44474 -3.75674 53.1062 -1.39879 54.5291
 814.000000 2.88595 -2.98614 5.01682 28.3995 -26.1296 54.5273
 815.000000 -2.1502 1.40069 -19.0439 53.6442 -0.883145 54.5516
 816.000000 0.200698 -0.373979 12.2107 28.3039 -26.2477 54.5495
 817.000000 0.403112 0.175262 -20.7924 36.1518 -18.3977 54.5478
 818.000000 0.742505 -0.291711 -14.5856 47.4236 -7.12417 54.5493
 819.000000 1.38492 -0.721911 -22.5183 44.5761 -9.97316 54.551
 820.000000 1.82231 -0.970422 16.6368 15.5775 -38.9735 54.5488
 821.000000 1.36529 -1.05738 -15.711 45.9728 -8.57602 54.5511
 822.000000 1.10562 -0.765474 -6.10797 52.3973 -2.1538 54.5574
 823.000000 0.961927 -0.200308 -9.29739 51.5129 -3.0445 54.5638
 824.000000 0.847141 -0.602824 -27.7367 49.9356 -4.62824 54.5689
 825.000000 0.767537 -0.642794 -14.3654 48.7735 -5.79539 54.5727
 826.000000 1.78381 -0.991494 2.03876 18.8522 -35.7205 54.5707
 827.000000 0.382684 -0.573485 0.953003 35.8965 -18.6742 54.5692
 828.000000 -0.153744 -1.02622 -2.64282 26.3773 -28.1919 54.567
 829.000000 -2.08839 2.12832 -20.3275 53.7627 -0.804284 54.5929
 830.000000 -2.44674 2.49512 -15.0172 54.6328 0.0398543 54.6197
 831.000000 -1.61432 0.612051 -22.6022 57.0005 2.3808 54.7335
 832.000000 -1.22924 2.74327 16.0537 58.6738 3.94029 54.8677
 833.000000 -2.62644 3.03048 -10.9389 53.9878 -0.879842 54.888
 834.000000 -2.74706 2.88503 -21.132 53.0873 -1.80068 54.9039
 835.000000 3.11475 3.00092 4.3905 42.0133 -12.8906 54.9045
 836.000000 -2.78271 3.03468 -20.89 53.0105 -1.89391 54.92
 837.000000 2.55734 -3.09755 28.1139 9.44314 -45.4769 54.9178
 838.000000 -2.69465 2.04667 -4.89062 54.2104 -0.707378 54.9395
 839.000000 -2.55331 3.04309 -47.9581 55.3396 0.400079 54.9689
 840.000000 3.00664 -2.86864 0.924774 36.7671 -18.2017 54.9682
 841.000000 -0.497711 1.92793 -17.8212 35.0695 -19.8987 54.9667
 842.000000 2.59268 2.96916 11.2661 12.0618 -42.905 54.9645
 843.000000 -2.04043 2.81884 0.387268 53.9728 -0.991694 54.9916
 844.000000 -2.22366 2.71258 -35.8039 54.8283 -0.163334 55.0221
 845.000000 -2.60205 2.67346 -20.0782 55.4575 0.435328 55.0531
 846.000000 -2.97006 2.40075 -7.79477 50.139 -4.91409 55.0622
 847.000000 -3.10799 2.47116 -36.143 45.7707 -9.29149 55.0657
 848.000000 -2.20151 3.03201 -25.4267 55.0695 0.00374533 55.0984
 849.000000 -2.37534 2.98297 -20.8655 55.9802 0.881763 55.1379
 850.000000 -2.75087 2.36521 -29.7771 54.6265 -0.511431 55.1644
 851.000000 -2.18199 2.40916 -38.5933 55.447 0.282625 55.2007
 852.000000 2.91403 -2.96055 9.45691 32.0122 -23.1885 55.1994
 853.000000 -1.85783 2.4568 -14.827 54.1738 -1.02563 55.2439
 854.000000 -2.78298 2.76333 -22.248 54.5181 -0.725783 55.2693
 855.000000 -3.01034 3.09529 -28.239 49.9623 -5.30693 55.2788
 856.000000 -1.85318 2.11053 -17.3255 54.4659 -0.812918 55.325
 857.000000 2.78792 3.0146 4.90747 24.4544 -30.8706 55.3231
 858.000000 -1.98826 1.83435 -20.7435 55.0249 -0.298242 55.3601
 859.000000 2.67344 2.71737 19.9131 17.9719 -37.3882 55.358
 860.000000 -0.33787 -0.660096 5.20407 30.9278 -24.4302 55.356
 861.000000 0.275579 -0.136434 -9.60159 32.0545 -23.3015 55.354
 862.000000 0.266643 0.364393 10.8112 32.24 -23.114 55.3521
 863.000000 0.807201 -0.481851 -27.8168 49.9249 -5.4272 55.3554
 864.000000 1.81254 -0.65244 16.2276 17.7236 -37.6318 55.3533
 865.000000 0.941941 -0.331925 -23.9165 52.2848 -3.06847 55.3592
 866.000000 1.01142 -0.205004 30.176 53.2919 -2.06732 55.3665
 867.000000 0.768679 -0.766109 -32.5236 49.8887 -5.47773 55.3705
 868.000000 1.35836 -1.19753 -4.63266 47.0751 -8.29538 55.374
 869.000000 -2.25394 2.76897 1.82297 56.2223 0.848336 55.4168
 870.000000 -2.13378 2.24819 -35.4449 56.1311 0.714375 55.4581
 871.000000 2.53402 -2.951 56.5524 11.1863 -44.2718 55.456
 872.000000 -1.43577 2.01576 -21.4973 59.9763 4.52027 55.5822
 873.000000 2.32144 2.85695 35.4876 4.83559 -50.7466 55.58
 874.000000 -1.33713 0.394513 -30.0951 60.2996 4.71964 55.708
 875.000000 -0.86423 1.88758 -19.5096 48.4898 -7.21823 55.7266
 876.000000 -1.02213 1.90986 -35.3403 53.7994 -1.92716 55.7813
 877.000000 -0.701973 1.96558 -24.9458 43.2722 -12.509 55.7848
 878.000000 -2.90412 -3.07176 -25.2439 53.0208 -2.76404 55.7991
 879.000000 -2.8462 2.175 -19.4438 54.3589 -1.4402 55.8187
 880.000000 -2.00399 2.44804 0.249908 55.721 -0.0976984 55.8549
 881.000000 -1.95183 2.74624 -24.8739 55.6667 -0.188233 55.8945
 882.000000 3.11966 2.58179 -39.711 44.7131 -11.1814 55.8972
 883.000000 -2.57383 -3.11483 -43.925 56.8562 0.959028 55.9365
 884.000000 -1.76259 2.38677 -17.4925 55.9352 -0.00124345 55.9989
 885.000000 -2.99627 2.61736 -19.1215 51.4929 -4.50606 56.0097
 886.000000 -2.71769 2.83323 -27.3638 56.4315 0.42174 56.0423
 887.000000 -3.08094 2.65537 -17.6461 48.9336 -7.1087 56.0497
 888.000000 -2.72821 2.77503 -31.1979 56.6856 0.635902 56.0844
 889.000000 -1.7857 -3.09179 20.1551 56.0338 -0.0505585 56.1424
 890.000000 -2.45523 2.48816 3.29684 57.4926 1.35016 56.1898
 891.000000 -2.82456 2.52519 -36.5852 56.0294 -0.160442 56.219
 892.000000 -2.88041 -2.83615 -20.8495 55.3907 -0.828337 56.2448
 893.000000 -2.2632 2.31275 -15.8315 57.2425 0.997719 56.2916
 894.000000 2.86294 3.04033 -1.96835 30.8997 -25.3918 56.2904
 895.000000 -1.80053 2.77874 -25.4755 56.2373 -0.0531021 56.3454
 896.000000 -2.6041 2.67347 -47.2653 58.0199 1.67445 56.3949
 897.000000 -0.0259001 -0.883233 -12.1494 26.6822 -29.7127 56.3928
 898.000000 2.05455 -0.652007 37.0342 6.67409 -49.7187 56.3907
 899.000000 -1.43774 2.37456 -7.12216 60.6487 4.25799 56.5034
 900.000000 3.0848 2.61275 -11.1234 44.2843 -12.2192 56.5071
 901.000000 -2.62996 2.98959 -42.8639 58.2183 1.71124 56.556
 902.000000 -1.74817 2.4254 -19.6928 56.9372 0.381259 56.6196
 903.000000 -2.91076 2.60548 -11.6965 55.3637 -1.25596 56.6449
 904.000000 -1.89284 0.503694 -24.5179 56.6158 -0.0291279 56.6905
 905.000000 -1.21393 1.74836 -37.1476 59.3877 2.69723 56.7788
 906.000000 -2.92473 2.79646 -24.4978 55.3151 -1.46368 56.8028
 907.000000 -2.21828 2.35405 -24.9765 57.5938 0.790991 56.847
 908.000000 -3.10385 -3.12299 -14.3407 49.4735 -7.3735 56.8568
 909.000000 3.01026 2.89286 -10.7689 40.9131 -15.9437 56.8588
 910.000000 -1.8643 2.21546 -14.8666 56.9257 0.0669381 56.9074
 911.000000 -0.273655 1.41929 12.2782 30.183 -26.7244 56.9054
 912.000000 0.173222 -1.52434 13.0743 30.1555 -26.7499 56.9034
 913.000000 2.17098 -1.27311 20.78 5.60088 -51.3025 56.9013
 914.000000 0.176238 -0.622362 4.81183 30.7687 -26.1326 56.8993
 915.000000 -1.13845 2.66497 -26.5259 57.85 0.950666 56.9693
 916.000000 -1.70684 2.3931 -22.9446 58.0429 1.07362 57.0419
 917.000000 -3.02144 3.0736 -33.5092 53.2163 -3.82559 57.0576
 918.000000 -2.91712 2.47759 -14.1665 56.3077 -0.749902 57.0838
 919.000000 -2.58692 2.87148 -28.0734 58.8431 1.75933 57.1348
 920.000000 -2.71061 2.81873 -15.3779 58.9256 1.79078 57.1834
 921.000000 -2.60525 2.69668 -33.8342 59.3171 2.13365 57.2398
 922.000000 -1.94287 3.08248 -15.5702 57.4508 0.211033 57.2815
 923.000000 -2.73479 2.77113 3.5874 59.2665 1.98502 57.3331
 924.000000 -2.63892 2.77689 -34.1783 59.7837 2.45065 57.3936
 925.000000 -2.23775 2.49723 -18.6165 58.181 0.787473 57.4412
 926.000000 2.86789 3.00337 11.7685 32.4179 -25.0233 57.4405
 927.000000 -0.944206 1.20271 -16.1824 52.066 -5.37445 57.4634
 928.000000 -1.16633 0.580203 -24.2629 58.9912 1.52781 57.5313
 929.000000 -1.15272 0.725093 -36.4414 58.9076 1.37629 57.5992
 930.000000 -1.33221 0.601986 -38.833 61.732 4.13276 57.6986
 931.000000 -0.823332 2.32939 -9.62973 48.4669 -9.23172 57.7093
 932.000000 -0.778279 -0.434444 -11.9718 47.1394 -10.57 57.7164
 933.000000 -1.54616 0.740756 -23.0772 60.5924 2.87604 57.8094
 934.000000 -1.47392 0.925476 -46.3025 61.6594 3.85002 57.9145
 935.000000 -0.757549 0.618538 3.48264 46.6921 -11.2224 57.92
 936.000000 -0.769898 -0.478357 7.85925 47.5074 -10.4126 57.9265
 937.000000 -1.60663 2.31429 -28.5192 60.1703 2.24383 58.0145
 938.000000 3.00504 2.38114 -5.9707 41.5927 -16.4218 58.0163
 939.000000 -1.43635 2.40981 -18.1476 62.3514 4.3351 58.1292
 940.000000 -2.97688 2.70567 -33.9706 55.6512 -2.47799 58.15
 941.000000 -1.95731 2.80394 -0.287842 57.939 -0.211089 58.1858
 942.000000 2.90164 2.95918 -12.3694 35.498 -22.6878 58.1854
 943.000000 -2.20999 2.49007 -38.5407 58.498 0.312638 58.2225
 944.000000 -2.19577 2.58955 -11.6069 58.7374 0.514905 58.2612
 945.000000 -2.07668 2.84929 -40.9253 58.8304 0.569165 58.2992
 946.000000 -2.0486 2.88244 -25.3035 59.0008 0.701678 58.339
 947.000000 -2.80947 2.36282 -27.9392 59.2741 0.935101 58.3756
 948.000000 -2.83381 2.90444 -48.7692 59.2151 0.839494 58.4122
 949.000000 -2.43571 3.10683 -31.9099 59.7709 1.35871 58.4644
 950.000000 -3.13662 3.02508 -15.272 50.1331 -8.33125 58.4741
 951.000000 2.75279 2.74509 -3.07312 26.0123 -32.4618 58.4724
 952.000000 -0.413978 1.7024 -14.1406 34.4328 -24.0395 58.4706
 953.000000 -1.05969 1.60417 -33.4576 57.1613 -1.30932 58.5181
 954.000000 -1.2579 1.80397 -33.656 62.0205 3.50241 58.6091
 955.000000 -0.276482 1.60908 1.80768 31.2964 -27.3127 58.6072
 956.000000 -0.774521 0.429033 -11.3156 48.2408 -10.3663 58.6136
 957.000000 -1.82074 2.34528 -39.1629 58.5612 -0.0523649 58.6623
 958.000000 -2.58936 2.89477 -52.8042 60.5968 1.9345 58.7141
 959.000000 -0.229942 -0.43246 -9.17688 30.7777 -27.9364 58.7122
 960.000000 0.893499 -0.336634 -35.2839 52.433 -6.27927 58.7128
 961.000000 0.844959 -0.257292 -17.4151 51.934 -6.77882 58.7133
 962.000000 1.77128 -0.560595 28.3146 21.7 -37.0133 58.7113
 963.000000 0.920102 -1.08183 -26.6512 53.3913 -5.32 58.7125
 964.000000 1.20469 -0.54027 -36.1538 52.9595 -5.75302 58.7136
 965.000000 -0.443468 0.797539 10.328 36.5283 -22.1852 58.7119
 966.000000 -0.963193 0.91839 7.73459 54.7895 -3.9224 58.7417
 967.000000 -0.823532 -0.649961 -8.80981 50.6252 -8.11647 58.7526
 968.000000 0.891334 -0.908445 -0.027771 53.3571 -5.39551 58.7541
 969.000000 -0.103209 -0.815029 -9.71622 29.3059 -29.4482 58.7521
 970.000000 -0.783624 1.39357 2.41336 49.5142 -9.2379 58.7599
 971.000000 -0.505815 0.547737 -5.51825 39.1082 -19.6517 58.7586
 972.000000 -1.73515 1.72451 2.77887 59.2702 0.511646 58.8183
 973.000000 2.33917 -2.93383 2.57565 7.45172 -51.3666 58.8163
 974.000000 -2.63149 2.59175 -44.7707 60.8907 2.07437 58.8672
 975.000000 -2.3354 2.42725 -38.7179 59.8473 0.980042 58.9151
 976.000000 2.48701 3.06832 19.7228 12.3626 -46.5525 58.9131
 977.000000 -1.64616 2.09827 -24.0007 60.5236 1.61056 58.987
 978.000000 2.56449 2.98163 32.848 16.4865 -42.5005 58.985
 979.000000 -0.689638 -0.0787348 -11.7205 46.4155 -12.5694 58.9872
 980.000000 0.115133 -0.352737 5.44034 30.4064 -28.5807 58.9852
 981.000000 0.771016 -0.931872 -14.0237 51.279 -7.70622 58.9857
 982.000000 0.991736 -0.0753571 -5.01273 54.9954 -3.99035 58.9877
 983.000000 -0.109229 0.353032 21.5265 30.2707 -28.717 58.9858
 984.000000 -0.099418 1.16801 11.7785 30.7019 -28.284 58.9839
 985.000000 1.90022 -2.84106 19.9387 15.0989 -43.885 58.9819
 986.000000 1.52628 -0.701077 -26.0416 38.277 -20.705 58.9808
 987.000000 -0.333229 -0.783546 -3.25534 35.3588 -23.622 58.979
 988.000000 -1.41439 1.42799 -44.7974 63.1552 4.17623 59.0803
 989.000000 -1.17818 1.27964 -27.6162 61.2496 2.16932 59.1571
 990.000000 -2.01936 1.41833 -15.9714 59.5307 0.373534 59.1934
 991.000000 2.91565 2.97988 -9.72913 37.7464 -21.4471 59.1932
 992.000000 -2.76851 2.85553 -27.3841 60.6324 1.43921 59.2337
 993.000000 -1.99944 2.10217 -41.5828 59.7089 0.475199 59.2715
 994.000000 -2.91847 2.93234 -30.7879 58.4577 -0.81379 59.2992
 995.000000 -2.51549 2.62802 -25.7669 61.0999 1.8007 59.3517
 996.000000 -2.6569 2.70012 -32.0029 61.6783 2.32652 59.4052
 997.000000 -2.35833 2.83401 6.34427 60.5654 1.16026 59.4561
 998.000000 -1.88367 2.08387 -18.6715 59.5746 0.118471 59.4982
 999.000000 -1.01954 0.364893 -48.8904 57.4137 -2.08454 59.5357
 1000.000000 -0.931487 0.923589 -31.4886 55.1828 -4.35289 59.5591
