#! FIELDS time basin tot_visited
0.000000 1 1
1.000000 1 1
2.000000 1 1
3.000000 1 1
4.000000 1 1
5.000000 1 1
6.000000 1 1
7.000000 1 1
8.000000 1 1
9.000000 1 1
10.000000 1 1
11.000000 2 2
12.000000 2 2
13.000000 2 2
14.000000 2 2
15.000000 2 2
16.000000 2 2
17.000000 2 2
18.000000 2 2
19.000000 2 2
20.000000 2 2
21.000000 2 2
22.000000 2 2
23.000000 2 2
24.000000 2 2
25.000000 2 2
26.000000 1 2
27.000000 1 2
28.000000 1 2
29.000000 1 2
30.000000 1 2
31.000000 1 2
32.000000 1 2
33.000000 1 2
34.000000 1 2
35.000000 1 2
36.000000 1 2
37.000000 1 2
38.000000 1 2
39.000000 1 2
40.000000 1 2
41.000000 1 2
42.000000 1 2
43.000000 1 2
44.000000 1 2
45.000000 1 2
46.000000 1 2
47.000000 1 2
48.000000 1 2
49.000000 1 2
50.000000 1 2
51.000000 1 2
52.000000 3 3
53.000000 3 3
54.000000 3 3
55.000000 3 3
56.000000 3 3
57.000000 3 3
58.000000 3 3
59.000000 3 3
60.000000 3 3
61.000000 3 3
62.000000 3 3
63.000000 3 3
64.000000 3 3
65.000000 4 4
66.000000 4 4
67.000000 4 4
68.000000 4 4
69.000000 4 4
70.000000 4 4
71.000000 4 4
72.000000 4 4
73.000000 4 4
74.000000 4 4
75.000000 4 4
76.000000 4 4
77.000000 4 4
78.000000 4 4
79.000000 4 4
80.000000 2 4
81.000000 2 4
82.000000 2 4
83.000000 2 4
84.000000 2 4
85.000000 2 4
86.000000 2 4
87.000000 2 4
88.000000 2 4
89.000000 2 4
90.000000 2 4
91.000000 2 4
92.000000 2 4
93.000000 2 4
94.000000 2 4
95.000000 2 4
96.000000 2 4
97.000000 2 4
98.000000 2 4
99.000000 2 4
100.000000 2 4
101.000000 2 4
102.000000 2 4
103.000000 2 4
104.000000 2 4
105.000000 2 4
106.000000 2 4
107.000000 2 4
108.000000 2 4
109.000000 2 4
110.000000 2 4
111.000000 2 4
112.000000 2 4
113.000000 2 4
114.000000 1 4
115.000000 1 4
116.000000 1 4
117.000000 1 4
118.000000 1 4
119.000000 1 4
120.000000 1 4
121.000000 1 4
122.000000 1 4
123.000000 1 4
124.000000 1 4
125.000000 1 4
126.000000 1 4
127.000000 1 4
128.000000 1 4
129.000000 1 4
130.000000 1 4
131.000000 1 4
132.000000 1 4
133.000000 1 4
134.000000 1 4
135.000000 1 4
136.000000 1 4
137.000000 1 4
138.000000 1 4
139.000000 1 4
140.000000 1 4
141.000000 1 4
142.000000 1 4
143.000000 1 4
144.000000 1 4
145.000000 1 4
146.000000 1 4
147.000000 1 4
148.000000 1 4
149.000000 1 4
150.000000 1 4
151.000000 1 4
152.000000 1 4
153.000000 1 4
154.000000 1 4
155.000000 1 4
156.000000 1 4
157.000000 1 4
158.000000 1 4
159.000000 1 4
160.000000 1 4
161.000000 1 4
162.000000 1 4
163.000000 1 4
164.000000 1 4
165.000000 1 4
166.000000 1 4
167.000000 1 4
168.000000 1 4
169.000000 1 4
170.000000 1 4
171.000000 1 4
172.000000 1 4
173.000000 1 4
174.000000 1 4
175.000000 1 4
176.000000 1 4
177.000000 1 4
178.000000 1 4
179.000000 1 4
180.000000 1 4
181.000000 1 4
182.000000 1 4
183.000000 1 4
184.000000 1 4
185.000000 1 4
186.000000 1 4
187.000000 1 4
188.000000 1 4
189.000000 1 4
190.000000 1 4
191.000000 1 4
192.000000 1 4
193.000000 1 4
194.000000 1 4
195.000000 1 4
196.000000 1 4
197.000000 1 4
198.000000 1 4
199.000000 1 4
200.000000 1 4
201.000000 1 4
202.000000 1 4
203.000000 1 4
204.000000 1 4
205.000000 1 4
206.000000 1 4
207.000000 1 4
208.000000 1 4
209.000000 1 4
210.000000 1 4
211.000000 1 4
212.000000 1 4
213.000000 1 4
214.000000 1 4
215.000000 1 4
216.000000 1 4
217.000000 1 4
218.000000 1 4
219.000000 1 4
220.000000 1 4
221.000000 1 4
222.000000 1 4
223.000000 1 4
224.000000 1 4
225.000000 1 4
226.000000 1 4
227.000000 1 4
228.000000 1 4
229.000000 1 4
230.000000 1 4
231.000000 1 4
232.000000 1 4
233.000000 1 4
234.000000 1 4
235.000000 1 4
236.000000 1 4
237.000000 1 4
238.000000 1 4
239.000000 1 4
240.000000 1 4
241.000000 1 4
242.000000 1 4
243.000000 1 4
244.000000 1 4
245.000000 1 4
246.000000 1 4
247.000000 1 4
248.000000 1 4
249.000000 1 4
250.000000 1 4
251.000000 1 4
252.000000 1 4
253.000000 1 4
254.000000 1 4
255.000000 1 4
256.000000 1 4
257.000000 5 5
258.000000 5 5
259.000000 5 5
260.000000 5 5
261.000000 5 5
262.000000 5 5
263.000000 5 5
264.000000 5 5
265.000000 5 5
266.000000 5 5
267.000000 5 5
268.000000 5 5
269.000000 5 5
270.000000 5 5
271.000000 5 5
272.000000 5 5
273.000000 5 5
274.000000 5 5
275.000000 5 5
276.000000 5 5
277.000000 5 5
278.000000 5 5
279.000000 5 5
280.000000 5 5
281.000000 5 5
282.000000 5 5
283.000000 5 5
284.000000 5 5
285.000000 5 5
286.000000 5 5
287.000000 5 5
288.000000 5 5
289.000000 5 5
290.000000 5 5
291.000000 5 5
292.000000 5 5
293.000000 5 5
294.000000 5 5
295.000000 5 5
296.000000 5 5
297.000000 5 5
298.000000 5 5
299.000000 1 5
300.000000 1 5
301.000000 1 5
302.000000 1 5
303.000000 1 5
304.000000 1 5
305.000000 1 5
306.000000 1 5
307.000000 1 5
308.000000 1 5
309.000000 1 5
310.000000 1 5
311.000000 1 5
312.000000 1 5
313.000000 1 5
314.000000 1 5
315.000000 1 5
316.000000 1 5
317.000000 1 5
318.000000 1 5
319.000000 1 5
320.000000 1 5
321.000000 1 5
322.000000 1 5
323.000000 1 5
324.000000 1 5
325.000000 1 5
326.000000 1 5
327.000000 1 5
328.000000 1 5
329.000000 1 5
330.000000 1 5
331.000000 1 5
332.000000 1 5
333.000000 1 5
334.000000 1 5
335.000000 1 5
336.000000 1 5
337.000000 1 5
338.000000 1 5
339.000000 1 5
340.000000 1 5
341.000000 1 5
342.000000 1 5
343.000000 1 5
344.000000 1 5
345.000000 1 5
346.000000 1 5
347.000000 1 5
348.000000 1 5
349.000000 1 5
350.000000 1 5
351.000000 1 5
352.000000 1 5
353.000000 1 5
354.000000 1 5
355.000000 1 5
356.000000 1 5
357.000000 1 5
358.000000 1 5
359.000000 1 5
360.000000 1 5
361.000000 1 5
362.000000 1 5
363.000000 1 5
364.000000 1 5
365.000000 1 5
366.000000 5 5
367.000000 5 5
368.000000 5 5
369.000000 5 5
370.000000 5 5
371.000000 5 5
372.000000 5 5
373.000000 5 5
374.000000 5 5
375.000000 5 5
376.000000 5 5
377.000000 5 5
378.000000 5 5
379.000000 5 5
380.000000 5 5
381.000000 5 5
382.000000 5 5
383.000000 5 5
384.000000 5 5
385.000000 5 5
386.000000 5 5
387.000000 5 5
388.000000 5 5
389.000000 5 5
390.000000 5 5
391.000000 5 5
392.000000 6 6
393.000000 6 6
394.000000 6 6
395.000000 6 6
396.000000 6 6
397.000000 6 6
398.000000 6 6
399.000000 6 6
400.000000 6 6
401.000000 6 6
402.000000 6 6
403.000000 6 6
404.000000 6 6
405.000000 6 6
406.000000 6 6
407.000000 6 6
408.000000 6 6
409.000000 6 6
410.000000 6 6
411.000000 6 6
412.000000 6 6
413.000000 6 6
414.000000 6 6
415.000000 6 6
416.000000 6 6
417.000000 6 6
418.000000 5 6
419.000000 5 6
420.000000 5 6
421.000000 5 6
422.000000 5 6
423.000000 5 6
424.000000 5 6
425.000000 5 6
426.000000 5 6
427.000000 5 6
428.000000 5 6
429.000000 5 6
430.000000 5 6
431.000000 5 6
432.000000 5 6
433.000000 5 6
434.000000 5 6
435.000000 7 7
436.000000 7 7
437.000000 7 7
438.000000 7 7
439.000000 7 7
440.000000 7 7
441.000000 7 7
442.000000 7 7
443.000000 7 7
444.000000 7 7
445.000000 7 7
446.000000 7 7
447.000000 7 7
448.000000 7 7
449.000000 7 7
450.000000 7 7
451.000000 7 7
452.000000 7 7
453.000000 7 7
454.000000 7 7
455.000000 7 7
456.000000 7 7
457.000000 7 7
458.000000 7 7
459.000000 8 8
460.000000 8 8
461.000000 8 8
462.000000 8 8
463.000000 8 8
464.000000 8 8
465.000000 8 8
466.000000 8 8
467.000000 8 8
468.000000 7 8
469.000000 7 8
470.000000 7 8
471.000000 7 8
472.000000 7 8
473.000000 5 8
474.000000 5 8
475.000000 5 8
476.000000 5 8
477.000000 5 8
478.000000 5 8
479.000000 5 8
480.000000 1 8
481.000000 1 8
482.000000 1 8
483.000000 1 8
484.000000 1 8
485.000000 1 8
486.000000 1 8
487.000000 1 8
488.000000 1 8
489.000000 1 8
490.000000 1 8
491.000000 1 8
492.000000 1 8
493.000000 1 8
494.000000 1 8
495.000000 1 8
496.000000 1 8
497.000000 1 8
498.000000 1 8
499.000000 1 8
500.000000 1 8
501.000000 1 8
502.000000 1 8
503.000000 1 8
504.000000 1 8
505.000000 1 8
506.000000 1 8
507.000000 1 8
508.000000 1 8
509.000000 1 8
510.000000 1 8
511.000000 3 8
512.000000 3 8
513.000000 3 8
514.000000 3 8
515.000000 3 8
516.000000 3 8
517.000000 3 8
518.000000 3 8
519.000000 3 8
520.000000 3 8
521.000000 3 8
522.000000 3 8
523.000000 3 8
524.000000 3 8
525.000000 3 8
526.000000 3 8
527.000000 3 8
528.000000 3 8
529.000000 3 8
530.000000 3 8
531.000000 3 8
532.000000 3 8
533.000000 3 8
534.000000 3 8
535.000000 3 8
536.000000 3 8
537.000000 3 8
538.000000 3 8
539.000000 3 8
540.000000 3 8
541.000000 3 8
542.000000 3 8
543.000000 3 8
544.000000 3 8
545.000000 3 8
546.000000 3 8
547.000000 3 8
548.000000 3 8
549.000000 3 8
550.000000 3 8
551.000000 3 8
552.000000 3 8
553.000000 3 8
554.000000 3 8
555.000000 3 8
556.000000 3 8
557.000000 3 8
558.000000 3 8
559.000000 3 8
560.000000 3 8
561.000000 3 8
562.000000 3 8
563.000000 3 8
564.000000 3 8
565.000000 3 8
566.000000 4 8
567.000000 4 8
568.000000 4 8
569.000000 4 8
570.000000 4 8
571.000000 4 8
572.000000 4 8
573.000000 4 8
574.000000 4 8
575.000000 4 8
576.000000 4 8
577.000000 4 8
578.000000 4 8
579.000000 4 8
580.000000 4 8
581.000000 4 8
582.000000 4 8
583.000000 4 8
584.000000 4 8
585.000000 4 8
586.000000 4 8
587.000000 4 8
588.000000 4 8
589.000000 4 8
590.000000 4 8
591.000000 4 8
592.000000 4 8
593.000000 4 8
594.000000 4 8
595.000000 4 8
596.000000 4 8
597.000000 4 8
598.000000 4 8
599.000000 4 8
600.000000 3 8
601.000000 3 8
602.000000 3 8
603.000000 3 8
604.000000 3 8
605.000000 3 8
606.000000 3 8
607.000000 3 8
608.000000 3 8
609.000000 3 8
610.000000 3 8
611.000000 3 8
612.000000 3 8
613.000000 3 8
614.000000 3 8
615.000000 3 8
616.000000 3 8
617.000000 3 8
618.000000 3 8
619.000000 3 8
620.000000 3 8
621.000000 3 8
622.000000 3 8
623.000000 3 8
624.000000 3 8
625.000000 3 8
626.000000 3 8
627.000000 3 8
628.000000 3 8
629.000000 3 8
630.000000 3 8
631.000000 3 8
632.000000 3 8
633.000000 3 8
634.000000 3 8
635.000000 3 8
636.000000 3 8
637.000000 3 8
638.000000 3 8
639.000000 3 8
640.000000 3 8
641.000000 3 8
642.000000 3 8
643.000000 3 8
644.000000 3 8
645.000000 3 8
646.000000 3 8
647.000000 3 8
648.000000 3 8
649.000000 3 8
650.000000 3 8
651.000000 3 8
652.000000 3 8
653.000000 3 8
654.000000 3 8
655.000000 3 8
656.000000 3 8
657.000000 3 8
658.000000 3 8
659.000000 3 8
660.000000 4 8
661.000000 4 8
662.000000 4 8
663.000000 4 8
664.000000 4 8
665.000000 4 8
666.000000 4 8
667.000000 4 8
668.000000 4 8
669.000000 4 8
670.000000 4 8
671.000000 4 8
672.000000 4 8
673.000000 4 8
674.000000 4 8
675.000000 4 8
676.000000 4 8
677.000000 4 8
678.000000 4 8
679.000000 4 8
680.000000 4 8
681.000000 4 8
682.000000 4 8
683.000000 4 8
684.000000 4 8
685.000000 4 8
686.000000 4 8
687.000000 4 8
688.000000 4 8
689.000000 4 8
690.000000 4 8
691.000000 4 8
692.000000 4 8
693.000000 4 8
694.000000 4 8
695.000000 4 8
696.000000 4 8
697.000000 4 8
698.000000 4 8
699.000000 4 8
700.000000 4 8
701.000000 4 8
702.000000 4 8
703.000000 4 8
704.000000 4 8
705.000000 4 8
706.000000 4 8
707.000000 4 8
708.000000 4 8
709.000000 4 8
710.000000 4 8
711.000000 4 8
712.000000 4 8
713.000000 4 8
714.000000 4 8
715.000000 4 8
716.000000 4 8
717.000000 4 8
718.000000 4 8
719.000000 4 8
720.000000 4 8
721.000000 4 8
722.000000 4 8
723.000000 4 8
724.000000 4 8
725.000000 4 8
726.000000 4 8
727.000000 4 8
728.000000 4 8
729.000000 4 8
730.000000 4 8
731.000000 4 8
732.000000 4 8
733.000000 4 8
734.000000 4 8
735.000000 4 8
736.000000 4 8
737.000000 4 8
738.000000 4 8
739.000000 4 8
740.000000 4 8
741.000000 4 8
742.000000 4 8
743.000000 4 8
744.000000 4 8
745.000000 4 8
746.000000 4 8
747.000000 4 8
748.000000 4 8
749.000000 4 8
750.000000 4 8
751.000000 4 8
752.000000 4 8
753.000000 4 8
754.000000 4 8
755.000000 4 8
756.000000 3 8
757.000000 3 8
758.000000 3 8
759.000000 3 8
760.000000 3 8
761.000000 3 8
762.000000 3 8
763.000000 3 8
764.000000 3 8
765.000000 3 8
766.000000 3 8
767.000000 3 8
768.000000 3 8
769.000000 3 8
770.000000 3 8
771.000000 3 8
772.000000 3 8
773.000000 3 8
774.000000 3 8
775.000000 3 8
776.000000 3 8
777.000000 3 8
778.000000 3 8
779.000000 3 8
780.000000 3 8
781.000000 3 8
782.000000 3 8
783.000000 3 8
784.000000 3 8
785.000000 3 8
786.000000 3 8
787.000000 3 8
788.000000 3 8
789.000000 3 8
790.000000 3 8
791.000000 3 8
792.000000 3 8
793.000000 3 8
794.000000 3 8
795.000000 3 8
796.000000 3 8
797.000000 3 8
798.000000 3 8
799.000000 3 8
800.000000 3 8
801.000000 3 8
802.000000 3 8
803.000000 3 8
804.000000 3 8
805.000000 3 8
806.000000 3 8
807.000000 3 8
808.000000 3 8
809.000000 3 8
810.000000 3 8
811.000000 3 8
812.000000 3 8
813.000000 3 8
814.000000 3 8
815.000000 3 8
816.000000 3 8
817.000000 3 8
818.000000 3 8
819.000000 3 8
820.000000 3 8
821.000000 3 8
822.000000 3 8
823.000000 3 8
824.000000 3 8
825.000000 3 8
826.000000 3 8
827.000000 3 8
828.000000 3 8
829.000000 1 8
830.000000 1 8
831.000000 1 8
832.000000 1 8
833.000000 1 8
834.000000 1 8
835.000000 1 8
836.000000 1 8
837.000000 1 8
838.000000 1 8
839.000000 1 8
840.000000 1 8
841.000000 1 8
842.000000 1 8
843.000000 1 8
844.000000 1 8
845.000000 1 8
846.000000 1 8
847.000000 1 8
848.000000 1 8
849.000000 1 8
850.000000 1 8
851.000000 1 8
852.000000 1 8
853.000000 1 8
854.000000 1 8
855.000000 1 8
856.000000 1 8
857.000000 1 8
858.000000 1 8
859.000000 1 8
860.000000 1 8
861.000000 1 8
862.000000 1 8
863.000000 1 8
864.000000 1 8
865.000000 1 8
866.000000 1 8
867.000000 1 8
868.000000 1 8
869.000000 1 8
870.000000 1 8
871.000000 1 8
872.000000 1 8
873.000000 1 8
874.000000 1 8
875.000000 1 8
876.000000 1 8
877.000000 1 8
878.000000 1 8
879.000000 1 8
880.000000 1 8
881.000000 1 8
882.000000 1 8
883.000000 1 8
884.000000 1 8
885.000000 1 8
886.000000 1 8
887.000000 1 8
888.000000 1 8
889.000000 1 8
890.000000 1 8
891.000000 1 8
892.000000 1 8
893.000000 1 8
894.000000 1 8
895.000000 1 8
896.000000 1 8
897.000000 1 8
898.000000 1 8
899.000000 1 8
900.000000 1 8
901.000000 1 8
902.000000 1 8
903.000000 1 8
904.000000 1 8
905.000000 1 8
906.000000 1 8
907.000000 1 8
908.000000 1 8
909.000000 1 8
910.000000 1 8
911.000000 1 8
912.000000 1 8
913.000000 1 8
914.000000 1 8
915.000000 1 8
916.000000 1 8
917.000000 1 8
918.000000 1 8
919.000000 1 8
920.000000 1 8
921.000000 1 8
922.000000 1 8
923.000000 1 8
924.000000 1 8
925.000000 1 8
926.000000 1 8
927.000000 1 8
928.000000 1 8
929.000000 1 8
930.000000 1 8
931.000000 1 8
932.000000 1 8
933.000000 1 8
934.000000 1 8
935.000000 1 8
936.000000 1 8
937.000000 1 8
938.000000 1 8
939.000000 1 8
940.000000 1 8
941.000000 1 8
942.000000 1 8
943.000000 1 8
944.000000 1 8
945.000000 1 8
946.000000 1 8
947.000000 1 8
948.000000 1 8
949.000000 1 8
950.000000 1 8
951.000000 1 8
952.000000 1 8
953.000000 1 8
954.000000 1 8
955.000000 1 8
956.000000 1 8
957.000000 1 8
958.000000 1 8
959.000000 1 8
960.000000 1 8
961.000000 1 8
962.000000 1 8
963.000000 1 8
964.000000 5 8
965.000000 5 8
966.000000 5 8
967.000000 5 8
968.000000 5 8
969.000000 5 8
970.000000 5 8
971.000000 5 8
972.000000 5 8
973.000000 5 8
974.000000 5 8
975.000000 5 8
976.000000 5 8
977.000000 5 8
978.000000 5 8
979.000000 5 8
980.000000 5 8
981.000000 6 8
982.000000 6 8
983.000000 6 8
984.000000 6 8
985.000000 6 8
986.000000 6 8
987.000000 6 8
988.000000 6 8
989.000000 6 8
990.000000 6 8
991.000000 6 8
992.000000 6 8
993.000000 6 8
994.000000 6 8
995.000000 6 8
996.000000 6 8
997.000000 6 8
998.000000 6 8
999.000000 6 8
1000.000000 6 8
