#! FIELDS time phi psi ene opes.bias opes.rct opes.zed opes.neff opes.nker
#! SET min_phi -pi
#! SET max_phi pi
#! SET min_psi -pi
#! SET max_psi pi
 0.000000 -2.36867 2.64432 -41.4583 -40 -40 1 1 0
 1.000000 -1.69651 2.16136 -30.7511 -40 -40 1 1 0
 2.000000 -1.92567 2.83305 -26.337 -40 -40 1 1 0
 3.000000 -1.61769 2.69299 -39.686 -40 -40 1 1 0
 4.000000 -1.26516 0.918955 -33.2051 -40 -40 1 1 0
 5.000000 -2.39331 2.74254 -35.9641 -40 -40 1 1 0
 6.000000 -2.49001 2.44424 -25.6156 -40 -40 1 1 0
 7.000000 -2.75721 2.56324 -32.5766 -40 -40 1 1 0
 8.000000 -2.6272 2.49473 -28.71 -40 -40 1 1 0
 9.000000 -1.22575 2.00556 -13.8894 -40 -40 1 1 0
 10.000000 -2.02605 2.29373 -22.9979 -40 -40 0.62996 1 1
 11.000000 -1.2749 1.63352 -49.2643 7.52377 4.78346 0.945471 1.09773 1
 12.000000 -1.20538 1.11717 -43.2154 8.28716 6.20561 1.15891 2.03527 1
 13.000000 -1.10371 -0.386779 -23.5315 -2.02206 5.67194 1.0495 2.07191 2
 14.000000 2.98648 2.56422 -22.8681 -8.0906 5.21917 0.891685 2.07517 3
 15.000000 3.11186 2.98916 -11.5132 6.74765 5.50362 0.920673 2.95713 3
 16.000000 -1.31744 1.15469 -10.0782 12.7602 8.37971 1.01462 1.8324 3
 17.000000 -1.28405 0.54991 -29.0181 13.9489 10.0133 1.18335 2.46638 2
 18.000000 -1.52736 0.169757 -26.7565 14.4182 10.9992 1.23773 3.29014 2
 19.000000 -1.29107 1.36119 -29.7736 18.5144 13.5304 1.31046 2.07369 2
 20.000000 -1.22997 0.866829 -52.0802 20.5376 15.6077 1.36471 2.2819 2
 21.000000 -2.85836 -1.38661 -9.08224 -10.9165 15.4081 1.14369 2.28191 3
 22.000000 -1.10114 2.61465 -31.4366 11.0447 15.2564 1.17376 2.3424 4
 23.000000 -2.76967 -3.02946 -27.8081 1.48441 15.085 1.24153 2.34374 4
 24.000000 -2.16147 2.48008 -18.1398 14.9354 15.0759 1.34935 2.62301 4
 25.000000 -1.98119 2.45368 -7.9473 17.737 15.341 1.44961 3.37066 4
 26.000000 -1.34864 0.317582 -50.291 11.9722 15.2361 1.46091 3.47146 4
 27.000000 -0.916061 3.095 -13.409 3.97938 15.1028 1.42321 3.47568 4
 28.000000 -2.50611 2.91835 -58.8888 13.5245 15.0436 1.45319 3.66275 4
 29.000000 -1.48225 0.894333 -13.8556 17.101 15.1914 1.48303 4.33919 4
 30.000000 -1.34109 1.62552 -12.8605 20.9547 16.0532 1.54797 4.75305 4
 31.000000 -0.478644 -0.61089 -15.0062 -4.46049 15.9424 1.41058 4.75316 5
 32.000000 -2.35522 -0.228204 -20.1394 3.40898 15.8369 1.37167 4.75588 6
 33.000000 -1.18851 -0.288777 -24.4225 13.8338 15.7812 1.41726 4.92689 6
 34.000000 -1.79016 2.96128 -13.5556 15.2123 15.7616 1.46002 5.21956 6
 35.000000 -2.7479 -2.9716 -43.4082 8.78061 15.6733 1.45107 5.24388 6
 36.000000 -2.6268 2.65843 -28.2535 17.7402 15.7857 1.44968 5.9468 6
 37.000000 -1.98411 2.76718 -32.9268 23.3379 17.0762 1.47397 4.2397 6
 38.000000 -0.969624 2.36756 -10.4792 15.1678 17.0313 1.49745 4.37207 6
 39.000000 -2.99379 -0.975824 -9.55118 -9.71186 16.9495 1.49716 4.37207 6
 40.000000 -2.54933 1.87652 -26.3969 17.4951 16.9685 1.51526 4.69704 6
 41.000000 -3.11343 -1.83823 0.769196 -1.94642 16.8918 1.52324 4.69719 6
 42.000000 -1.62123 3.11914 -29.7626 18.5784 16.9617 1.57129 5.18713 6
 43.000000 -3.10848 2.86052 -18.7859 11.8186 16.8987 1.55951 5.22563 6
 44.000000 -2.1 0.240965 -27.1679 8.67792 16.8311 1.6979 5.23667 5
 45.000000 -2.15702 0.332608 -22.3716 11.9534 16.7725 1.71183 5.27749 5
 46.000000 -1.27644 0.776495 -30.1458 17.2396 16.786 1.72955 5.59572 5
 47.000000 1.45733 -0.900572 -11.4776 -37.1173 16.7212 1.45025 5.59572 6
 48.000000 0.768749 -1.64725 -23.7577 -29.6183 16.6581 1.27888 5.59572 7
 49.000000 1.14581 -0.90295 -20.7873 -16.9867 16.5965 1.29877 5.59572 7
 50.000000 1.08308 -0.341565 -19.5326 -13.617 16.5364 1.3084 5.59572 7
 51.000000 0.867762 -2.84732 -12.3468 -27.8225 16.4777 1.17345 5.59572 8
 52.000000 0.731783 0.174184 -17.3902 -11.2651 16.4203 1.10497 5.59573 9
 53.000000 0.827968 2.91859 -2.93161 -20.7054 16.3643 1.0999 5.59573 9
 54.000000 0.961984 0.741494 2.55203 -13.071 16.3094 1.09277 5.59573 9
 55.000000 0.935397 -2.97034 -2.76419 -9.61151 16.2558 1.0958 5.59574 9
 56.000000 0.882683 0.803643 15.0833 -5.94015 16.2033 1.09368 5.59577 9
 57.000000 0.911276 -1.74219 -22.671 -1.15786 16.1519 1.10696 5.59599 9
 58.000000 0.954332 -1.68237 -27.087 3.6579 16.1019 1.12004 5.59752 9
 59.000000 0.824359 -0.489353 -31.8254 7.03594 16.0538 1.14122 5.60342 9
 60.000000 1.28365 2.57694 14.6091 -11.9527 16.0053 1.13555 5.60342 9
 61.000000 0.967605 0.520371 -11.7359 3.14062 15.9581 1.1406 5.60466 9
 62.000000 0.940738 0.0261898 -2.07281 10.6328 15.917 1.15875 5.62954 9
 63.000000 1.05724 -2.76147 -12.8381 1.90642 15.8714 1.16654 5.6303 9
 64.000000 0.989953 0.423302 1.64859 10.1362 15.831 1.17226 5.65075 9
 65.000000 1.08228 -0.7266 -23.4904 13.8642 15.8071 1.18574 5.74071 9
 66.000000 0.872157 -0.38648 -13.5237 17.1451 15.8374 1.20462 6.05898 9
 67.000000 1.10702 -0.524233 -23.7766 18.6313 15.9232 1.21715 6.60454 9
 68.000000 1.16326 -1.82572 -16.2427 9.27491 15.8842 1.2265 6.62006 9
 69.000000 0.906611 -1.25343 -34.1786 17.6175 15.9249 1.24683 7.01774 9
 70.000000 1.19934 -1.31684 -23.3806 18.0629 15.9789 1.26404 7.49193 9
 71.000000 0.913902 -1.47144 -15.9039 19.7366 16.1142 1.27597 8.29287 9
 72.000000 0.248043 0.931902 19.2872 0.269215 16.075 1.23866 8.29332 10
 73.000000 -2.4079 3.00159 -25.6346 14.4381 16.0564 1.23724 8.42373 10
 74.000000 -2.76989 -3.12154 -39.0424 12.7894 16.0287 1.23249 8.49259 10
 75.000000 -1.45915 0.184761 -31.3234 11.3893 15.9971 1.22883 8.5323 10
 76.000000 -1.02454 1.32403 -14.7439 11.4939 15.9662 1.23925 8.57378 10
 77.000000 -1.63649 1.70907 -26.0896 19.4617 16.0745 1.24587 9.34269 10
 78.000000 -1.30797 -1.11754 -1.74976 -2.83707 16.0386 1.19945 9.34282 11
 79.000000 -1.68592 3.01769 -11.8431 15.38 16.0304 1.20796 9.53821 11
 80.000000 -2.61 2.71633 -35.9136 19.4017 16.1277 1.20402 10.3132 11
 81.000000 -2.77406 3.09119 -21.6991 17.5465 16.1538 1.19933 10.7586 11
 82.000000 -2.67811 -3.14014 -26.1647 20.4554 16.3045 1.19585 11.7304 11
 83.000000 -2.57591 2.85069 -31.3049 24.8237 17.1302 1.19279 7.8302 11
 84.000000 -2.55843 2.76305 -27.591 26.65 18.2788 1.18997 5.21131 11
 85.000000 -1.23065 0.625973 -40.0464 17.0741 18.2664 1.19071 5.29444 11
 86.000000 -1.50038 0.928251 -6.00616 21.4728 18.3487 1.18863 5.73644 11
 87.000000 -0.809135 1.91143 -28.6267 9.64778 18.3179 1.1857 5.74093 12
 88.000000 -0.117154 -1.34203 10.0649 -6.13444 18.2865 1.17725 5.74094 12
 89.000000 1.06407 -0.800026 -19.0996 19.6803 18.3094 1.18415 5.97824 12
 90.000000 0.924737 -0.321212 -19.8001 19.7223 18.3325 1.19254 6.22355 12
 91.000000 1.05532 -1.32063 -9.84109 20.2156 18.3662 1.19873 6.52335 12
 92.000000 1.24608 0.300132 -14.5106 11.6708 18.3383 1.20364 6.53406 12
 93.000000 1.13582 -0.561949 -14.2285 23.1487 18.5052 1.20903 7.327 12
 94.000000 0.961782 -2.20788 8.33701 10.2239 18.477 1.2086 7.33322 12
 95.000000 0.943562 -2.82667 15.3915 3.25854 18.4483 1.20968 7.33361 12
 96.000000 1.24109 -0.286888 -27.4332 21.3189 18.5088 1.2141 7.80066 12
 97.000000 1.1546 -0.527663 -28.9615 25.1994 18.8639 1.2187 8.72864 12
 98.000000 0.874696 -3.07442 -8.6311 1.61218 18.8361 1.21621 8.72884 12
 99.000000 1.04604 -1.64796 -15.3454 21.3895 18.8845 1.21842 9.20028 12
 100.000000 -2.31703 2.04847 -18.0193 20.4523 18.9081 1.21998 9.54601 12
