#! FIELDS time phi psi sigma_phi sigma_psi height logweight
#! SET action OPES_METAD_EXPLORE_kernels
#! SET biasfactor       16.03631422818644
#! SET epsilon      0.3442092024196825
#! SET kernel_cutoff       5.663270120378587
#! SET compression_threshold                       1
#! SET min_phi -pi
#! SET max_phi pi
#! SET min_psi -pi
#! SET max_psi pi
                     10     -2.026045424055339      2.293734750032031      1.830116384909465      2.177631731595429      1.259921049894873     -16.03631422818644
                     11     -1.274900489177437      1.633523537704209      1.636546599521244      1.946194329665718      1.576492461871044      3.016338037818636
                     12     -1.205379126512469      1.117171621395556      1.506356998040901      1.852665530254329      1.799208717609328      3.322385745595421
                     13     -1.103709230822149     -0.386779226595944      1.402209663020705       1.76687548256573      2.026691179284617    -0.8106585993351119
                     14      2.986484024656378      2.564215198401067      1.316420972601193      1.669219956575076      2.285062674824216     -3.243583965532366
                     15      3.111855688074211      2.989164973721436      1.246451508068192       1.57962574392882      2.550215535072025      2.705187352339892
                     16     -1.317441410693198      1.154685647512822      1.187224105795047      1.498080415756171      2.823180494220542      5.115671908987377
                     17     -1.284048550483499     0.5499100438798106      1.134420991135463      1.463500873430549      3.024400055945101      5.592207537314285
                     18     -1.527364578693347     0.1697570754000974      1.086134907869737      1.407130374741902      3.285400867776348      5.780381912827569
                     19     -1.291071618824717      1.361185306893309       1.04308274655154      1.361307488216767      3.536156538172901      7.422558269817171
                     20     -1.229968658512945     0.8668288388551506      1.003984658492695      1.313778559558996      3.806775195131213      8.233683321284758
                     21     -2.858356672383847     -1.386611755238906     0.9719184052697484      1.281433216565839      4.031630235999499      -4.37652934483189
                     22     -1.101144168473077      2.614650044205818     0.9443189666807112      1.255794118511286      4.234180035595454      4.427913817486702
                     23      -2.76966801475009     -3.029460274882827     0.9208296385133076       1.22653268651843      4.445780960409571      0.595112369452854
                     24     -2.161468870869404      2.480082687677867     0.8968929254011616      1.196807211645135      4.677800345007173      5.987718391988412
                     25     -1.981188639746739       2.45368038942474     0.8737609609023568      1.166958785380137      4.924456695232139      7.110903493905293
                     26     -1.348640083019022     0.3175820957532292     0.8523349680575868      1.138343860830088      5.175147131214432      4.799759006986432
                     27    -0.9160608568742599      3.094998908557308     0.8335005983388015      1.128656187340756      5.337512372483885      1.595364015076622
                     28     -2.506113545606782      2.918347524469616     0.8165968980000784      1.105273646802464      5.563254608592143      5.422095472332654
                     29     -1.482252644178056     0.8943328992687727     0.7991410837934798       1.08152433133853      5.809606597931989      6.855943087925047
                     30     -1.341086905028573      1.625518041732185     0.7838728358981339      1.072948538071004      5.970105011690055      8.400900669859716
                     31    -0.4786444583798897    -0.6108897654954295     0.7693941866417001      1.061411876059832      6.148563098213168     -1.788245880703432
                     32     -2.355216573970709    -0.2282036527201772     0.7536353588795298      1.051908664612483      6.333841315458408      1.366688743805841
                     33      -1.18851038657692    -0.2887770705388442     0.7412295968826905      1.038641836805437      6.522106905485936       5.54609066153609
                     34     -1.790163148087003       2.96128100190405     0.7269500410903189      1.022733504436511      6.753663659273645       6.09872617427608
                     35     -2.747904276982251     -2.971599875524145     0.7170236906830358       1.01224968373338      6.918075901125226      3.520213799566335
                     36     -2.626801326104858      2.658426358855305     0.7073783961108958      1.000056497134908      7.097904466677361      7.112179259355911
                     37     -1.984111429437662      2.767176701982092     0.6966045082441544     0.9859623047107602      7.310715531318344      9.356356654508634
                     38    -0.9696236891662213      2.367557570814192     0.6839745475114741      0.970595038096661      7.563598548935423      6.080888788185498
                     39      -2.99379048061165    -0.9758237179900759     0.6741448670715765     0.9579814239287742      7.774924088537621     -3.893560833012709
                     40     -2.549330835327422      1.876524791953885     0.6648617284144611     0.9642746975867158      7.832030535720485         7.013918885337
                     41     -3.113429518162516     -1.838228381842097     0.6558233311727379     0.9638974559582875      7.943077145725991    -0.7803331575300058
                     42        -1.621231783816      3.119139700235412     0.6478255604236288     0.9602389036947775      8.071775989920061      7.448236448571177
                     43     -3.108483187214495      2.860522243494648     0.6419208164570688     0.9470721622673128        8.2592753816495      4.738158854704766
                     44     -2.099995749042579     0.2409647232279326     0.6345781481773417     0.9342555239167816      8.469459391454974      3.479046485429293
                     45     -2.157020248445888     0.3326079275357738     0.6262791530139724     0.9399267627091684      8.529911127815987      4.792192206223334
                     46     -1.276436626121831     0.7764948668653036     0.6196941530470959     0.9286383443016365      8.725342163853988      6.911471949474929
                     47      1.457331792003819    -0.9005719923271309     0.6188066484907908      0.925349228330646      8.768914572068461     -14.88060335203738
                     48     0.7687488454298297     -1.647246444512467     0.6487779840477942     0.9258946931713053      8.358893243039745     -11.87422263438346
                     49      1.145812308877651    -0.9029496163238209     0.6723818225298309     0.9239529954048583      8.082405502202761     -6.810118366790944
                     50      1.083076739741882    -0.3415648693931765      0.687260105675223     0.9178320504953025      7.960165985759164     -5.459156426563801
                     51     0.8677623733280191     -2.847322969988532     0.6983437841240552     0.9208503965761564      7.808149608161346     -11.15427647767453
                     52     0.7317830069115097     0.1741842779634437     0.7028517136054026     0.9176184856489007      7.785394347620302     -4.516254388498053
                     53     0.8279681640559904      2.918586488405745     0.7066505995149948     0.9220873342785846      7.706012143112898     -8.300939501820006
                     54     0.9619838731115031     0.7414939920669497     0.7077756522062019      0.922911258760678      7.686894396457678      -5.24027885365898
                     55     0.9353968579111376     -2.970340399193328     0.7060740233554873     0.9229655485938207      7.704966466900083     -3.853331196219473
                     56     0.8826825631489026     0.8036425979797723     0.7036704849873009     0.9228535088342351      7.732223065019533     -2.381452785788167
                     57     0.9112762132370582     -1.742186145106629     0.6997570127756966     0.9264940432040821      7.744913763981947    -0.4641943082228513
                     58     0.9543322841007686     -1.682368366911421      0.695132350971853     0.9225227869568015      7.830002024163957      1.466481975069525
                     59     0.8243586628788142    -0.4893525780151609     0.6898659909298703     0.9160853728028659      7.945217546351921      2.820761758032903
                     60      1.283645463663762      2.576937306911434     0.6850780667434628     0.9187361628918034      7.977661460799972     -4.791948501403522
                     61     0.9676050368595535     0.5203711819091623      0.679337095638653     0.9168262157543834      8.061839063924701      1.259100709091874
                     62     0.9407377633244103    0.02618976143457985     0.6734811421608634     0.9166385978180931       8.13360162090015      4.262768569226434
                     63      1.057240999935599     -2.761467005991139     0.6678291076998289     0.9167107244276339      8.201793321161132     0.7642990115753077
                     64      0.989953029328678     0.4233021964584349     0.6615603049530537     0.9157402726585776      8.288285922034598      4.063668320382759
                     65      1.082275886223385    -0.7266000841933145     0.6554253324557898     0.9161395072892135       8.36222102695009      5.558250499400729
                     66     0.8721567272876429    -0.3864800251751466     0.6495627912298466     0.9108323447373712      8.486857175444595      6.873587053022367
                     67      1.107018881038258    -0.5242329149844163     0.6436836839684066     0.9053336702925214      8.616389127916102      7.469442845749385
                     68      1.163260772433427     -1.825719293139146     0.6377223229065195     0.9012248141275877      8.736585210606446      3.718385202293864
                     69     0.9066114414523749     -1.253430843987502     0.6319968323284262     0.8947089029731222      8.879935616919575      7.063008141396131
                     70      1.199344803180556     -1.316843337667752     0.6262150354364898     0.8873506454456318      9.036239165739222      7.241569786167045
                     71     0.9139021686666773     -1.471436724500695     0.6204648636304154     0.8797535773021481      9.198737867364638      7.912577814583805
                     72     0.2480427952341131     0.9319019465955707     0.6148643402230674     0.8734343619977442      9.349683237439363     0.1079304322211782
                     73     -2.407898979062111      3.001589215201945     0.6212190092475287     0.8771024575683458      9.215341055916815      5.788331048611925
                     74     -2.769889785806316     -3.121540540076367     0.6376621967640816     0.8821237473243806      8.926604484658935      5.127371783934215
                     75      -1.45915257618527     0.1847610933124892     0.6432254974709838      0.880972006887948      8.860966957424495      4.566063642088029
                     76     -1.024536591615274      1.324031355256912      0.644408047315028     0.8742890645730363      8.912313930430004      4.607992086875305
                     77     -1.636491665880536       1.70907224316559     0.6444663101461756     0.8723449372850921      8.931368599691064      7.802339667471519
                     78     -1.307971220723648     -1.117539191425252     0.6439402103258998     0.8665726120976324      8.998206865211356     -1.137402154150364
                     79     -1.685921837910787      3.017688901154738     0.6418665824515496     0.8634096515289604      9.060346621365976      6.165971612152594
                     80     -2.610000054909295      2.716333368856044     0.6516692206863215     0.8639824063417573      8.918141718803714      7.778293854056634
                     81     -2.774055434537753      3.091193310103946     0.6592384719208814     0.8636801269648698      8.818830727614726      7.034530443809031
                     82     -2.678112357385269     -3.140142650385089      0.663716612665151     0.8618188016005168      8.778247567909801      8.200727679900977
                     83     -2.575906243278228      2.850691872311212     0.6661148710524952      0.858947530219404      8.775880739393457      9.952014101209089
                     84     -2.558432987662174      2.763052741856082     0.6663699604081228     0.8549391170645479      8.813651578844215       10.6842094683109
                     85     -1.230647754119824     0.6259725920584653     0.6618914948673723     0.8494980050145949      8.930120385057769      6.845123285745733
                     86     -1.500383109317024     0.9282505693626604     0.6567478290309799     0.8470146121576816      9.026448923034096      8.608598562548002
                     87    -0.8091350667516255      1.911426246396608     0.6517159806072941     0.8426021035408731      9.143775782224763      3.867870986188315
                     88    -0.1171542301368778     -1.342025025756138     0.6468595622711855     0.8389134240012255       9.25293115739356      -2.45934433542785
                     89      1.064068317234073    -0.8000255329561927     0.6495204911629118     0.8390166062282115      9.213890865490143      7.889971285783378
                     90     0.9247370964363384    -0.3212123449028561      0.651842522368357     0.8381661387899362      9.190384423593267      7.906837867224378
                     91      1.055316254205606     -1.320633297432021      0.652511681426078     0.8360848496462363      9.203813983674857       8.10460282598161
                     92      1.246083315054054     0.3001318221698259     0.6513700266398779     0.8311102543625294      9.275131303540924      4.678913396984012
                     93      1.135818377670837    -0.5619487676505321      0.650044974837047     0.8262695922632965      9.348486422163461       9.28047662343867
                     94     0.9617818425929059     -2.207875422163537     0.6479987177859471     0.8280941019980164      9.357344945798042      4.098823347099332
                     95     0.9435619516650657     -2.826666212363985     0.6468844529735979     0.8310572156222424       9.34004221713486      1.306374177296359
                     96      1.241089269604783    -0.2868884826405953      0.644079025332976     0.8332978029701422      9.355501746729443      8.546924529269967
                     97      1.154599364311101    -0.5276630345865052     0.6404753586597133     0.8276950840379892      9.471825230444866      10.10261930952447
                     98     0.8746961757731864      -3.07442136859535     0.6372896899961477     0.8296200590760803       9.49708534294356     0.6463343373289892
                     99      1.046042530345819     -1.647961238078184     0.6346210531538571     0.8318553546318361      9.511394289065084      8.575213367568406
                    100     -2.317027632322824      2.048473698569783     0.6325674645550861     0.8281878778245869      9.584528592072388      8.199507320963312
