#! FIELDS time phi psi ene
#! SET min_phi -pi
#! SET max_phi pi
#! SET min_psi -pi
#! SET max_psi pi
 0.000000 -2.36867 2.64432 -41.4583
 1.000000 -1.69665 2.16143 -30.7506
 2.000000 -1.91468 2.83539 -26.0303
 3.000000 -1.72117 2.60661 -37.8891
 4.000000 -1.19912 0.624777 -30.8087
 5.000000 -2.54671 3.03389 -25.8313
 6.000000 -2.60677 2.63989 -32.7227
 7.000000 -2.28975 2.28117 -29.8293
 8.000000 -2.16884 2.28473 -44.6648
 9.000000 -2.71404 2.88651 -30.13
 10.000000 -2.77454 -2.9393 -10.2713
 11.000000 -2.44201 2.57483 -25.2404
 12.000000 -1.71297 2.31282 -20.9097
 13.000000 -2.65981 -2.92082 -22.6335
 14.000000 -2.368 2.4159 -36.5045
 15.000000 -2.48079 2.9855 -36.9852
 16.000000 -2.94249 3.08773 -8.79492
 17.000000 -2.3716 2.63586 -39.3828
 18.000000 -1.3967 2.44547 -27.6051
 19.000000 -1.89816 0.42997 -14.6529
 20.000000 -1.35913 0.477953 -54.6239
 21.000000 -1.14377 0.330205 -20.9799
 22.000000 -1.80108 2.92355 -11.0775
 23.000000 -2.253 2.47933 -33.9689
 24.000000 -2.61428 2.04001 -27.2408
 25.000000 -1.07161 2.27761 -14.2397
 26.000000 -2.42637 2.887 -40.0166
 27.000000 -2.30167 2.50062 -19.9634
 28.000000 -1.17488 2.01498 -40.9882
 29.000000 -2.19975 2.54028 -8.74188
 30.000000 -2.03903 3.04131 -18.3978
 31.000000 -2.08746 2.8231 -36.706
 32.000000 -2.08809 2.86086 -31.1216
 33.000000 -2.33329 2.56358 -19.9655
 34.000000 -2.84052 2.85285 -2.12988
 35.000000 -2.64053 2.84212 -38.529
 36.000000 -2.33097 2.41902 -38.9015
 37.000000 -2.67517 2.68477 -33.8113
 38.000000 -2.22261 3.08096 -26.8519
 39.000000 -1.97068 2.80188 -29.9016
 40.000000 -1.28628 0.387452 -36.8621
 41.000000 -1.32903 0.573493 -26.4359
 42.000000 -2.88543 -2.98333 -26.3698
 43.000000 -2.64678 2.77036 -41.1353
 44.000000 -2.06926 2.47983 -4.31894
 45.000000 -2.73416 2.92231 -20.6262
 46.000000 -2.83657 3.06821 -14.9265
 47.000000 -2.65963 3.0508 -46.7625
 48.000000 -0.883866 -0.0689743 -18.3982
 49.000000 -1.20598 1.27128 -4.01013
 50.000000 -1.24342 1.25083 -30.4563
 51.000000 -1.47076 1.10977 -39.1422
 52.000000 -1.48114 2.67141 -11.6449
 53.000000 -1.95065 2.76815 -28.7453
 54.000000 -2.64101 2.15737 -37.4787
 55.000000 -2.37469 -2.7843 -28.0969
 56.000000 -1.93689 2.24633 -13.6582
 57.000000 -2.02517 2.48593 -26.8129
 58.000000 -1.58897 2.12165 -49.9524
 59.000000 -2.71174 3.08267 -41.4738
 60.000000 -2.15359 2.44085 -36.0919
 61.000000 -2.23687 2.5261 -11.3119
 62.000000 -2.51602 -3.06228 -38.5688
 63.000000 -2.95856 2.88848 -32.773
 64.000000 -2.56331 2.85395 -24.8025
 65.000000 -2.66673 2.46314 -26.8181
 66.000000 -2.74789 2.42781 -37.7352
 67.000000 -2.8533 2.7508 -25.4123
 68.000000 -2.63279 2.56304 -23.7974
 69.000000 -2.57504 2.93433 -42.6014
 70.000000 -2.30949 2.84617 -33.4404
 71.000000 -2.21948 2.90346 -17.1326
 72.000000 -2.55839 3.10097 -45.8824
 73.000000 -2.30755 2.80181 -22.0326
 74.000000 -2.23837 2.27271 -41.0948
 75.000000 -2.44264 2.54669 -31.1019
 76.000000 -2.60941 2.81726 -29.1917
 77.000000 -2.86904 2.95433 -22.9981
 78.000000 -2.84384 2.9184 -36.8322
 79.000000 -2.51222 2.44265 -33.2581
 80.000000 -2.41227 2.57647 -30.3838
 81.000000 -2.33651 3.00877 -33.0145
 82.000000 -2.49459 -3.1158 -23.2424
 83.000000 -2.52955 2.99179 -36.2481
 84.000000 -1.89952 2.17164 -21.1364
 85.000000 -2.81837 3.09233 -34.1583
 86.000000 -2.70467 2.84361 -7.13498
 87.000000 -2.43179 2.52902 -28.8526
 88.000000 -2.44493 2.63261 -26.7302
 89.000000 -2.79626 2.92455 -45.1094
 90.000000 -2.79851 2.58603 -23.7311
 91.000000 -2.69636 2.61793 -28.3887
 92.000000 -1.60051 2.17026 -33.2252
 93.000000 -1.06863 1.61839 -53.5927
 94.000000 -1.36934 1.0924 -44.4111
 95.000000 -2.07258 1.83071 -27.1057
 96.000000 -2.12268 2.70533 -33.7125
 97.000000 -2.35322 2.88336 -25.4471
 98.000000 -1.80808 2.52806 -12.708
 99.000000 -1.67978 1.85967 -24.0718
 100.000000 -1.44856 1.57752 -47.4911
 101.000000 -2.7703 2.79226 -18.9597
 102.000000 -2.83545 2.41993 -17.8017
 103.000000 -2.37785 -3.07058 -6.1582
 104.000000 -2.57439 2.71409 -31.0328
 105.000000 -2.96231 2.82194 -13.8938
 106.000000 -1.47736 1.24128 -28.348
 107.000000 -1.78168 2.53854 -16.5482
 108.000000 -2.1866 2.22658 -18.7475
 109.000000 -2.21157 2.88189 -10.5998
 110.000000 -2.30374 2.88552 -45.9685
 111.000000 -2.3978 3.00925 -33.8449
 112.000000 -2.4999 2.76953 -10.589
 113.000000 -2.50661 2.83573 -20.2769
 114.000000 -2.4004 2.66795 -24.3268
 115.000000 -2.73453 2.46429 -24.1449
 116.000000 -3.00798 2.89002 -23.7835
 117.000000 -2.33604 2.94919 -43.9575
 118.000000 -2.20349 2.67757 -41.5085
 119.000000 -2.54937 2.41392 -36.585
 120.000000 -2.32546 2.33983 -8.89731
 121.000000 -2.3357 2.99016 -34.7859
 122.000000 -2.68085 3.10218 -9.64453
 123.000000 -1.78314 2.44921 -13.8046
 124.000000 -2.38352 2.04586 -13.2463
 125.000000 -1.64709 2.86306 -23.6228
 126.000000 -1.83469 2.41049 -26.2081
 127.000000 -2.16204 2.6164 -19.1108
 128.000000 -2.33463 2.34955 -22.0665
 129.000000 -2.11887 2.70245 -33.1113
 130.000000 -2.84312 2.94538 -50.3941
 131.000000 -1.43706 1.03288 -40.482
 132.000000 -1.73591 0.770434 -25.0465
 133.000000 -1.3796 0.634229 -19.5467
 134.000000 -1.43429 1.27834 -51.165
 135.000000 -1.2721 1.03396 -27.9989
 136.000000 -1.48651 1.07414 -15.8206
 137.000000 -1.55211 1.12981 -30.5465
 138.000000 -1.49268 1.11067 -18.6974
 139.000000 -1.25587 0.576186 -27.7864
 140.000000 -1.55267 0.76978 -18.3727
 141.000000 -1.36008 1.13299 -32.0926
 142.000000 -1.37917 0.963432 -48.9194
 143.000000 -1.48664 0.808859 -30.6547
 144.000000 -1.25095 1.22093 -29.0445
 145.000000 -1.3833 1.13612 -32.3909
 146.000000 -1.2376 1.5736 -23.3276
 147.000000 -1.47792 1.80689 -2.82156
 148.000000 -2.21909 2.90029 -15.0364
 149.000000 -1.93719 3.02611 -27.6903
 150.000000 -1.50373 1.50659 -22.1512
 151.000000 -1.41545 1.07805 -47.7658
 152.000000 -1.31256 1.52363 -18.5691
 153.000000 -1.19174 1.74882 -14.6695
 154.000000 -1.97451 2.29981 -16.6869
 155.000000 -1.68528 0.895255 -41.9684
 156.000000 -2.46325 2.3288 -38.1902
 157.000000 -1.95074 2.31031 -15.6734
 158.000000 -2.3734 2.45991 -20.5046
 159.000000 -2.81329 2.95004 -6.41751
 160.000000 -2.48604 2.44714 -16.8588
 161.000000 -2.65296 2.99824 -28.3001
 162.000000 -1.46379 2.38169 12.7682
 163.000000 -2.47343 2.38093 -35.5455
 164.000000 -1.5515 2.45569 -17.9212
 165.000000 -1.31308 0.0599222 -54.6184
 166.000000 -1.87525 2.96605 -15.2154
 167.000000 -2.41647 2.79482 -41.4541
 168.000000 -2.26005 2.9634 -22.2481
 169.000000 -2.35679 2.98797 -32.7866
 170.000000 -2.23303 2.68385 -25.4119
 171.000000 -2.67016 2.84524 -34.1033
 172.000000 -2.68257 2.7187 -21.3388
 173.000000 -2.6826 2.57013 -13.2431
 174.000000 -2.76061 2.87732 -23.982
 175.000000 -2.48553 2.80559 -36.3427
 176.000000 -2.67681 2.78293 -28.8746
 177.000000 -2.4658 2.51714 -36.6339
 178.000000 -2.78141 2.85956 -18.4969
 179.000000 -2.65728 2.68208 -34.0622
 180.000000 -2.46527 2.75701 -17.7296
 181.000000 -2.53846 2.49655 -25.9331
 182.000000 -2.52871 2.76125 -27.4399
 183.000000 -2.40527 2.82447 -49.4298
 184.000000 -2.72875 2.93493 -24.7386
 185.000000 -2.25633 2.52241 -44.1526
 186.000000 -2.34399 2.76618 -46.0484
 187.000000 -2.76058 3.02067 -36.694
 188.000000 -1.63124 2.98136 -24.1612
 189.000000 -1.40333 1.17919 -12.6394
 190.000000 -2.50574 3.07611 -25.2918
 191.000000 -2.19807 1.62466 5.94864
 192.000000 -2.48344 3.048 -23.0657
 193.000000 -1.6113 1.75396 -40.7759
 194.000000 -1.35115 1.69519 -43.2575
 195.000000 -2.09719 -3.12963 -30.9957
 196.000000 -2.277 2.39746 -38.6886
 197.000000 -1.69336 0.637816 -16.4009
 198.000000 -1.84413 0.529241 -26.6039
 199.000000 -1.46985 0.903194 -30.3179
 200.000000 -1.39461 0.939244 -42.3334
 201.000000 -1.55797 1.235 -31.921
 202.000000 -1.40666 0.888238 -34.089
 203.000000 -1.4157 0.672837 -39.0424
 204.000000 -1.26455 0.973157 -53.7099
 205.000000 -1.54114 1.26756 -13.7531
 206.000000 -1.47021 1.40108 -36.5772
 207.000000 -1.16949 0.928521 -32.4019
 208.000000 -1.21255 1.12577 -26.4802
 209.000000 -1.3754 1.3032 -22.0837
 210.000000 -1.46251 1.27985 -48.9391
 211.000000 -1.43182 1.32524 -24.9871
 212.000000 -1.38553 1.33677 -36.8713
 213.000000 -1.34396 0.864676 -23.3565
 214.000000 -1.50168 0.59523 -28.2407
 215.000000 -1.21543 0.141319 -19.987
 216.000000 -1.32522 0.819886 -46.5362
 217.000000 -1.30995 0.629102 -48.5068
 218.000000 -1.5639 1.6431 -17.9369
 219.000000 -0.96424 1.50734 -27.4504
 220.000000 -1.43439 1.43517 -27.0219
 221.000000 -1.48006 0.873031 -28.6222
 222.000000 -1.20366 0.402733 -29.3556
 223.000000 -1.58666 0.936191 -30.6999
 224.000000 -1.32332 0.971292 -19.2874
 225.000000 -1.38224 1.2836 -13.2578
 226.000000 -1.56602 1.31222 -23.2404
 227.000000 -1.59518 1.69057 -37.7585
 228.000000 -1.08954 1.8353 -27.0492
 229.000000 -2.162 2.86767 -20.7596
 230.000000 -1.43596 2.57689 -16.8451
 231.000000 -1.12508 0.150218 -37.7585
 232.000000 -2.82501 2.85765 -18.6348
 233.000000 -2.74368 2.46654 -15.3067
 234.000000 -2.2602 2.19885 -16.3449
 235.000000 -2.44747 3.03407 -30.0556
 236.000000 -1.25123 0.651722 -21.979
 237.000000 -1.3527 0.526259 -26.6139
 238.000000 -1.33038 0.0258368 -18.0791
 239.000000 -1.4226 0.468438 -28.1243
 240.000000 -1.42299 0.203372 -16.4488
 241.000000 -3.01075 2.55363 -42.7013
 242.000000 -2.70643 2.93851 -21.8652
 243.000000 -1.28665 0.0462711 -21.2818
 244.000000 -2.75206 3.13955 -17.1558
 245.000000 -1.34633 0.249634 -32.0551
 246.000000 -2.06987 2.81465 -19.7815
 247.000000 -2.16464 2.62798 -13.0789
 248.000000 -2.30223 2.59853 -47.6587
 249.000000 -2.62788 3.00935 -54.0217
 250.000000 -2.58202 2.62381 -42.4888
 251.000000 -2.42478 2.40565 -33.3473
 252.000000 -2.44575 3.03885 -30.2338
 253.000000 -1.35185 2.21667 -38.4557
 254.000000 -1.40224 0.582996 -26.2168
 255.000000 -1.74131 0.881618 -24.5515
 256.000000 -1.35941 0.940608 -30.2133
 257.000000 -1.35777 1.11201 -44.8596
 258.000000 -1.2808 0.819471 -27.2192
 259.000000 -1.41637 0.912062 -16.7534
 260.000000 -1.42127 0.913605 -31.807
 261.000000 -1.40594 1.14691 -23.9063
 262.000000 -1.27751 1.67033 -5.83109
 263.000000 -1.63275 0.421956 -45.8739
 264.000000 -2.775 2.14673 -22.6816
 265.000000 -1.38897 -3.10954 -6.09323
 266.000000 -1.22352 0.688246 -27.5703
 267.000000 -1.73001 0.535531 -19.891
 268.000000 -1.38004 0.78453 -41.7093
 269.000000 -1.39571 1.06607 -14.8696
 270.000000 -1.29804 0.948317 -13.8316
 271.000000 -1.3944 0.674052 -31.2804
 272.000000 -1.37645 0.662764 -33.4243
 273.000000 -1.44098 1.03217 6.20917
 274.000000 -1.53676 1.13821 -43.4461
 275.000000 -1.59405 1.21082 -18.4234
 276.000000 -1.40502 1.35854 -30.0645
 277.000000 -1.17174 1.57459 -31.5721
 278.000000 -1.4708 1.21379 -7.71625
 279.000000 -1.58082 0.907571 -6.69348
 280.000000 -1.52243 0.751652 -50.3877
 281.000000 -1.19075 0.898685 -34.5689
 282.000000 -1.42465 1.07339 -31.5263
 283.000000 -1.27563 1.24471 -30.2644
 284.000000 -1.50834 1.23409 -24.4739
 285.000000 -1.44243 1.2811 -32.4379
 286.000000 -1.44456 0.87759 -29.5067
 287.000000 -1.39979 0.70301 -52.9174
 288.000000 -1.41975 0.544815 -7.87683
 289.000000 -1.39967 0.750655 -20.7892
 290.000000 -1.3161 0.865388 -30.3702
 291.000000 -1.64201 0.0617908 -34.6998
 292.000000 -1.52119 2.65555 -36.0995
 293.000000 -2.37999 2.12928 -22.8026
 294.000000 -2.96609 2.58708 -12.9881
 295.000000 -2.61069 2.76325 -20.8728
 296.000000 -2.40924 2.50018 -35.1597
 297.000000 -2.12422 2.75635 -37.0606
 298.000000 -2.60913 3.12233 -16.7657
 299.000000 -2.44034 2.71557 -32.142
 300.000000 -2.38976 2.27743 -3.52444
 301.000000 -2.27723 2.46758 -28.0866
 302.000000 -2.55016 2.87586 -34.6504
 303.000000 -2.72323 2.92192 -3.88721
 304.000000 -2.42314 2.46142 -34.6317
 305.000000 -2.08374 2.47132 -7.54987
 306.000000 -2.4164 2.46573 -23.7478
 307.000000 -2.45056 2.63895 -3.43637
 308.000000 -2.26301 2.44125 -29.1491
 309.000000 -2.08849 2.64145 -32.9453
 310.000000 -2.37294 -3.08854 -27.5111
 311.000000 -1.46828 1.49307 -34.1739
 312.000000 -1.40903 1.06674 -15.2775
 313.000000 -1.55952 0.810495 -26.5192
 314.000000 -1.48051 0.742249 -27.6017
 315.000000 -1.39003 0.774833 -31.4502
 316.000000 -1.50635 1.09225 -36.6285
 317.000000 -1.38974 1.30837 -10.1875
 318.000000 -1.21461 1.16406 -25.8675
 319.000000 -1.18703 0.765745 -43.6017
 320.000000 -1.45405 0.736333 -36.5223
 321.000000 -1.45742 0.947348 -31.4338
 322.000000 -1.34572 1.22615 -41.6882
 323.000000 -1.47727 1.29458 -53.4598
 324.000000 -1.27109 1.48748 -18.0117
 325.000000 -1.48323 1.43557 -27.5211
 326.000000 -1.24529 1.28919 -33.6076
 327.000000 -2.59481 2.95181 -35.9211
 328.000000 -1.21387 0.248426 -38.583
 329.000000 -1.05645 2.19052 -24.6317
 330.000000 -2.18725 2.1252 -21.1628
 331.000000 -2.01238 -3.12042 -16.975
 332.000000 -1.89036 1.86132 4.63211
 333.000000 -1.50823 1.11069 -15.9434
 334.000000 -1.52821 1.19285 -27.9936
 335.000000 -1.42919 1.38604 -37.1585
 336.000000 -1.41663 1.09652 -28.6424
 337.000000 -1.25851 0.0821323 -31.6928
 338.000000 -1.47261 1.50287 -26.994
 339.000000 -1.64588 1.15943 -32.227
 340.000000 -1.45529 1.03436 -43.0457
 341.000000 -0.896469 0.683148 -20.6968
 342.000000 -1.36645 0.517262 -32.4245
 343.000000 -2.21446 2.47696 -37.0671
 344.000000 -1.84548 2.79045 -3.42944
 345.000000 -2.20101 2.84599 -22.9515
 346.000000 -2.63789 2.60511 -26.3662
 347.000000 -2.24954 2.60646 -11.8029
 348.000000 -2.61328 2.58188 -41.7452
 349.000000 -1.66172 2.24193 -17.1803
 350.000000 -1.45554 1.21704 -8.16568
 351.000000 -1.42684 0.654776 -28.1964
 352.000000 -1.45674 0.810712 -41.9273
 353.000000 -1.30346 0.833798 -38.7681
 354.000000 -1.5291 0.900262 -11.5603
 355.000000 -1.4037 0.950107 -35.7487
 356.000000 -1.50926 0.460311 -33.8956
 357.000000 -1.4716 0.886861 -25.3691
 358.000000 -1.37591 0.815634 -22.4338
 359.000000 -1.24249 0.816569 -49.1371
 360.000000 -1.40219 0.64389 -51.7407
 361.000000 -1.52561 0.632154 -18.4243
 362.000000 -1.18735 0.572544 -41.7573
 363.000000 -1.2074 0.980223 -30.7886
 364.000000 -1.40598 1.21833 -34.4196
 365.000000 -1.61281 1.03772 -22.6075
 366.000000 -1.37366 0.864834 -45.6183
 367.000000 -1.24908 0.736698 -39.2416
 368.000000 -1.29161 1.05409 6.52759
 369.000000 -1.33872 1.37058 -27.1974
 370.000000 -1.23977 1.53348 -43.2
 371.000000 -1.59151 1.49712 -24.0965
 372.000000 -1.18251 0.897203 -30.6324
 373.000000 -1.55166 1.05188 -31.0735
 374.000000 -1.17981 1.0398 -29.9957
 375.000000 -1.9803 1.75312 -34.4146
 376.000000 -2.32814 2.13031 -38.8915
 377.000000 -1.07365 2.20776 -26.9427
 378.000000 -2.00844 2.00818 -39.3456
 379.000000 -2.44979 2.44489 -29.6423
 380.000000 -2.41893 -2.92789 -7.57578
 381.000000 -1.79439 1.91862 -30.4793
 382.000000 -1.37768 1.28501 -40.7437
 383.000000 -1.24319 1.29538 -30.1308
 384.000000 -1.16455 0.788731 -25.8639
 385.000000 -1.32085 0.780621 -29.3028
 386.000000 -1.52192 0.820616 -3.02789
 387.000000 -1.43685 0.866829 -17.8897
 388.000000 -1.27082 0.879502 -29.0908
 389.000000 -2.25592 3.03029 -37.7087
 390.000000 -2.56607 3.00267 -17.8226
 391.000000 -2.16545 2.38832 -36.4807
 392.000000 -1.98534 2.26744 -39.3117
 393.000000 -2.75863 2.8173 -38.6963
 394.000000 -2.71925 2.74354 -35.4861
 395.000000 -2.24307 2.82733 -25.9779
 396.000000 -2.69745 2.70683 -40.708
 397.000000 -2.83488 2.6162 -29.6432
 398.000000 -2.72055 2.62315 -21.2864
 399.000000 -2.66423 2.66884 -59.3044
 400.000000 -2.85149 2.82615 -19.4798
 401.000000 -2.39104 2.65826 -16.3296
 402.000000 -2.34984 2.67905 -9.23163
 403.000000 -2.67894 2.92039 -38.7958
 404.000000 -2.29626 2.4588 -29.8665
 405.000000 -2.51959 3.12972 -13.4179
 406.000000 -1.99692 2.57292 -25.4291
 407.000000 -1.13012 0.497806 -5.66858
 408.000000 -1.44737 0.779256 -43.2962
 409.000000 -1.4759 0.925176 -25.5208
 410.000000 -2.064 1.12167 -0.389771
 411.000000 -1.71714 1.50894 -27.5931
 412.000000 -1.4462 1.13409 -15.4373
 413.000000 -1.34034 1.12814 -9.48785
 414.000000 -1.3061 1.44439 -51.2635
 415.000000 -1.39332 2.2101 -7.55542
 416.000000 -2.58386 2.51776 -38.4837
 417.000000 -2.17913 2.91091 -34.3943
 418.000000 -1.82472 2.86875 11.3627
 419.000000 -2.41495 2.49554 -32.4251
 420.000000 -2.72555 2.90453 -12.4138
 421.000000 -2.55018 3.06275 -32.8009
 422.000000 -2.17366 2.56678 -20.0458
 423.000000 -1.91952 2.40954 -24.6787
 424.000000 -2.67334 -2.94395 -18.7647
 425.000000 -2.62952 2.6237 -45.3438
 426.000000 -1.36259 2.31711 -7.27499
 427.000000 -2.48773 2.431 -43.5705
 428.000000 -2.35918 2.61356 -32.0363
 429.000000 -1.885 2.82802 16.703
 430.000000 -2.31426 2.75574 -21.7925
 431.000000 -2.57947 3.01863 -27.3026
 432.000000 -2.37563 2.61492 -38.7851
 433.000000 -2.29584 2.18808 -45.5188
 434.000000 -1.41584 2.11585 -14.7206
 435.000000 -3.04734 2.72714 -39.0596
 436.000000 -2.73079 2.91807 -23.9677
 437.000000 -2.52318 2.52987 -41.0036
 438.000000 -1.68197 2.403 -15.0095
 439.000000 -2.32158 2.24834 -15.3362
 440.000000 -2.19984 2.26135 -27.3491
 441.000000 -1.84395 2.66137 -27.5348
 442.000000 -2.27257 2.89941 -12.73
 443.000000 -2.81166 2.50535 -15.7917
 444.000000 -2.84727 2.70109 -24.132
 445.000000 -2.42878 2.64085 -40.3954
 446.000000 -1.37182 2.01038 -27.5764
 447.000000 -1.65154 1.34713 -22.7379
 448.000000 -2.54433 2.774 -39.0974
 449.000000 -2.42714 2.55956 -18.4846
 450.000000 -2.73042 2.64511 -27.511
 451.000000 -2.52459 2.39959 -35.3848
 452.000000 -2.6773 2.71112 -27.9428
 453.000000 -2.54822 2.74929 -37.1328
 454.000000 -2.39979 2.65861 -27.8271
 455.000000 -1.99139 2.89232 -31.2852
 456.000000 -2.46989 2.69305 -41.5471
 457.000000 -2.66236 2.40711 -23.1175
 458.000000 -2.62853 2.89805 -20.5372
 459.000000 -2.73066 2.59467 -28.0754
 460.000000 -2.27775 2.72163 -25.2338
 461.000000 -2.22015 2.7886 -9.98126
 462.000000 -2.80784 2.85748 -34.1246
 463.000000 -2.48136 2.79351 -14.7051
 464.000000 -2.26943 2.53735 -49.1353
 465.000000 -2.65852 2.59049 -31.9133
 466.000000 -2.70069 2.56893 -30.5372
 467.000000 -2.68554 2.96726 -8.83743
 468.000000 -2.40478 2.88443 -25.2407
 469.000000 -2.45767 2.32906 -33.4719
 470.000000 -2.69147 2.6705 -30.9704
 471.000000 -2.15655 2.69359 -36.6816
 472.000000 -2.05268 2.67177 -45.4988
 473.000000 -2.50525 2.60645 -27.8281
 474.000000 -2.55272 2.94666 -42.7536
 475.000000 -2.22545 2.50894 -21.6496
 476.000000 -2.27185 2.77323 -23.0569
 477.000000 -2.43841 2.93065 -12.4776
 478.000000 -2.47673 2.70769 -43.2913
 479.000000 -2.58681 2.79425 -31.8334
 480.000000 -2.52771 3.04251 -32.2597
 481.000000 -2.68235 2.82525 -17.2044
 482.000000 -2.48553 2.76125 -34.3005
 483.000000 -2.36886 2.40416 -38.3762
 484.000000 -2.38677 2.62291 -33.6573
 485.000000 -2.73145 2.92067 -7.48166
 486.000000 -2.74682 2.92345 -44.5865
 487.000000 -1.60809 2.18923 -38.7284
 488.000000 -2.24337 2.18564 -25.0923
 489.000000 -1.01941 2.07883 -28.3592
 490.000000 -1.22562 1.62959 -33.65
 491.000000 -2.00996 2.19906 -35.9588
 492.000000 -2.55364 -2.68058 -28.8286
 493.000000 -2.07729 2.39915 -22.6276
 494.000000 -0.933491 2.01903 -10.455
 495.000000 -1.42687 1.41077 -20.4367
 496.000000 -2.52811 3.06755 -27.6488
 497.000000 -1.55989 2.29977 -18.277
 498.000000 -1.51187 1.64879 -38.6298
 499.000000 -2.38285 2.2521 -43.8634
 500.000000 -2.39966 -3.11614 -29.5531
 501.000000 -1.38917 1.65429 -25.7889
 502.000000 -2.09512 2.83673 -32.3135
 503.000000 -1.50579 1.6208 -15.733
 504.000000 -1.46955 1.64537 -32.8655
 505.000000 -1.4965 1.39847 -18.2699
 506.000000 -1.39695 0.994412 -39.284
 507.000000 -1.39443 0.904403 -44.0089
 508.000000 -1.29309 0.467895 -29.7415
 509.000000 -1.15909 0.885017 -41.2021
 510.000000 -1.5681 2.4502 -21.702
 511.000000 -2.60285 3.09769 -27.9357
 512.000000 -1.82395 1.89205 -22.8068
 513.000000 -2.71119 3.1301 -40.7352
 514.000000 -2.24765 2.86027 -43.5052
 515.000000 -2.31928 2.38044 -23.108
 516.000000 -2.06715 2.07436 -30.7186
 517.000000 -1.88603 2.61098 -23.1073
 518.000000 -2.19175 2.46571 -22.6692
 519.000000 -1.31943 2.00084 -25.2916
 520.000000 -2.11896 2.76447 -51.332
 521.000000 -2.17088 2.40458 -24.9528
 522.000000 -2.26429 2.12631 -19.2649
 523.000000 -1.99966 2.46647 -12.3384
 524.000000 -2.26183 2.70334 -43.7101
 525.000000 -1.27641 2.22467 -15.3914
 526.000000 -1.35028 0.372717 -45.4699
 527.000000 -1.60924 0.548976 -12.9051
 528.000000 -1.72158 2.51106 -33.6664
 529.000000 -2.54234 2.19047 -43.8111
 530.000000 -1.35571 2.19217 -32.2349
 531.000000 -1.24323 0.396812 -44.1755
 532.000000 -1.58535 0.193743 -10.578
 533.000000 -1.31785 0.557463 -39.5383
 534.000000 -1.46811 0.45884 -40.9278
 535.000000 -1.39841 0.521326 -18.6729
 536.000000 -1.26468 1.0785 -25.606
 537.000000 -1.40877 1.70986 -13.8935
 538.000000 -1.17064 1.20421 -25.4528
 539.000000 -1.27642 1.36166 -40.3161
 540.000000 -1.38835 1.21693 -26.4691
 541.000000 -1.27531 1.12345 -43.7455
 542.000000 -1.58438 0.800492 -37.1909
 543.000000 -1.54539 0.840439 -2.16373
 544.000000 -1.52383 0.348197 -12.205
 545.000000 -1.38929 0.621641 -31.5207
 546.000000 -1.28374 0.544065 -43.1727
 547.000000 -1.49324 0.543472 -20.7992
 548.000000 -1.36342 0.773052 -24.9258
 549.000000 -1.35417 1.20421 -21.5844
 550.000000 -1.35087 1.17566 -7.64313
 551.000000 -1.37244 1.40725 -31.6126
 552.000000 -1.43723 1.10798 -33.2045
 553.000000 -2.50564 3.08492 -31.8986
 554.000000 -2.02198 2.70326 -16.4641
 555.000000 -2.02263 2.22089 -7.60529
 556.000000 -1.57215 2.20289 -22.3023
 557.000000 -2.66371 2.69718 -11.4024
 558.000000 -2.68745 2.9507 -28.4683
 559.000000 -2.29389 2.62335 -33.8069
 560.000000 -2.28971 2.25979 -34.904
 561.000000 -1.87408 1.96906 5.1926
 562.000000 -2.2985 1.834 8.44199
 563.000000 -2.63978 2.77721 -31.1517
 564.000000 -2.55826 -3.07108 -50.6288
 565.000000 -1.05027 0.28423 -45.8452
 566.000000 -2.57638 2.88723 -22.9124
 567.000000 -2.32855 2.57974 -34.7903
 568.000000 -2.85999 3.01089 -29.1921
 569.000000 -2.20397 2.86734 -42.2958
 570.000000 -1.8831 2.41154 -32.6638
 571.000000 -2.81576 2.78954 -38.1875
 572.000000 -2.65646 2.76603 -32.1976
 573.000000 -2.51563 2.74993 -31.6833
 574.000000 -2.18489 2.5992 -51.1744
 575.000000 -2.09818 2.50191 -31.2393
 576.000000 -1.65042 0.19369 -17.118
 577.000000 -2.87444 3.02599 -16.2183
 578.000000 -1.47429 0.928487 -16.5315
 579.000000 -1.3924 0.807701 -34.9323
 580.000000 -1.51826 0.869507 -46.3436
 581.000000 -1.16452 1.14278 -27.7233
 582.000000 -1.46765 1.23083 3.15515
 583.000000 -1.56902 0.866942 -49.2909
 584.000000 -1.15989 1.25273 -21.5734
 585.000000 -1.49359 3.03161 -30.4375
 586.000000 -1.56049 1.74486 -12.0643
 587.000000 -1.59026 1.2764 -52.5034
 588.000000 -1.35854 0.95859 -45.8608
 589.000000 -1.1122 0.629253 -18.7051
 590.000000 -1.57139 1.56273 -17.3375
 591.000000 -1.47159 2.70431 -30.3058
 592.000000 -1.58181 2.91615 -34.994
 593.000000 -1.37617 0.691305 -42.3228
 594.000000 -1.57946 0.462808 5.15656
 595.000000 -1.54124 0.533588 -23.235
 596.000000 -1.65802 0.603376 -17.5264
 597.000000 -1.3252 2.40476 -11.149
 598.000000 -2.49985 2.44982 -30.7757
 599.000000 -2.54164 2.62886 -46.2379
 600.000000 -2.55021 2.864 -47.1424
 601.000000 -2.65529 2.94471 -27.7656
 602.000000 -1.15661 1.16062 -18.2737
 603.000000 -1.32306 1.44729 -35.6408
 604.000000 -1.31392 1.13832 -44.2344
 605.000000 -1.52928 1.25858 -16.3938
 606.000000 -1.34798 1.04029 -27.6775
 607.000000 -1.24498 0.613739 -33.7784
 608.000000 -1.48049 0.900675 -35.6664
 609.000000 -1.2964 0.566565 -18.1359
 610.000000 -1.70629 0.831207 -20.4926
 611.000000 -1.16314 1.25321 -27.49
 612.000000 -1.34605 1.19417 -17.9713
 613.000000 -1.8645 1.44148 -12.4136
 614.000000 -1.26569 1.23415 -52.4377
 615.000000 -1.39655 0.821961 -45.0307
 616.000000 -1.25587 0.522276 -32.4557
 617.000000 -1.2032 0.651644 -48.3607
 618.000000 -1.37927 1.17526 -16.701
 619.000000 -1.61464 1.3711 -34.8567
 620.000000 -1.43532 1.04718 -23.8725
 621.000000 -1.20081 1.13036 -10.6715
 622.000000 -1.4672 1.30529 -19.3111
 623.000000 -1.5375 0.936089 -34.8612
 624.000000 -1.38511 0.676707 -35.8771
 625.000000 -1.29502 0.88122 -17.4101
 626.000000 -1.50498 1.03601 -26.9343
 627.000000 -1.45351 0.896473 -44.2351
 628.000000 -1.33411 1.31789 -20.6864
 629.000000 -1.20504 1.3394 -29.4557
 630.000000 -1.35161 1.39131 -42.5954
 631.000000 -1.3386 1.35826 -29.9767
 632.000000 -1.42988 0.893499 -41.8918
 633.000000 -1.36242 0.741073 -42.1404
 634.000000 -1.25933 1.2891 -7.04599
 635.000000 -1.28117 0.934059 -43.9873
 636.000000 -1.35696 1.22482 -29.4165
 637.000000 -1.24126 1.11783 -36.6671
 638.000000 -1.22782 1.08472 -49.6945
 639.000000 -1.12558 0.740948 -39.1148
 640.000000 -1.32486 0.407743 -36.2903
 641.000000 -1.63631 0.833083 -43.4864
 642.000000 -1.22857 1.65753 -3.36649
 643.000000 -1.68707 1.57244 -33.1448
 644.000000 -1.13644 1.39263 -49.2188
 645.000000 -1.4884 1.44107 -26.9066
 646.000000 -0.906657 2.43069 -22.8242
 647.000000 -1.17715 0.490772 -39.9516
 648.000000 -2.00624 1.43849 -21.7968
 649.000000 -1.54513 0.573038 -37.0051
 650.000000 -1.44301 0.81549 -38.7382
 651.000000 -1.11367 1.10892 -30.6874
 652.000000 -1.25557 1.68124 -2.56152
 653.000000 -1.21518 1.35946 -25.9454
 654.000000 -1.22376 1.70556 -6.72662
 655.000000 -1.75392 1.38486 -35.4312
 656.000000 -2.65384 2.97224 -32.3643
 657.000000 -1.54098 2.51103 -30.5258
 658.000000 -0.985451 0.0593162 -30.1069
 659.000000 -2.6844 3.02552 -31.1294
 660.000000 -2.64943 2.86432 -26.1869
 661.000000 -1.46321 0.451763 -34.4241
 662.000000 -2.25445 2.79514 -49.3936
 663.000000 -1.52559 0.669868 -19.7417
 664.000000 -1.39441 0.676116 -29.7529
 665.000000 -1.3764 0.666922 -28.2151
 666.000000 -1.43586 0.326805 -13.4995
 667.000000 -1.80235 2.36732 -19.2044
 668.000000 -1.91947 2.60925 -34.1486
 669.000000 -2.55655 2.49681 -28.5133
 670.000000 -2.71528 2.68206 -25.5054
 671.000000 -2.69514 2.89124 -35.0839
 672.000000 -2.77494 2.51363 -42.1855
 673.000000 -2.65851 2.29599 -29.3089
 674.000000 -2.41614 2.44663 -33.2705
 675.000000 -2.06813 2.69642 -30.7169
 676.000000 -2.33516 2.74727 -22.9477
 677.000000 -2.28336 2.89542 -21.5173
 678.000000 -2.32518 2.88597 -19.1577
 679.000000 -2.43553 2.71153 -39.4119
 680.000000 -2.54219 2.62247 -53.5144
 681.000000 -2.38107 2.77238 -18.6636
 682.000000 -2.68479 2.98844 -9.10992
 683.000000 -2.70083 2.34012 -20.6857
 684.000000 -2.7186 3.06857 -51.3499
 685.000000 -1.28983 2.25724 -12.2093
 686.000000 -1.53743 0.172513 -20.5979
 687.000000 -2.65552 2.42849 0.270355
 688.000000 -1.3671 2.49917 -25.6755
 689.000000 -1.49762 0.654178 -40.1622
 690.000000 -1.42894 0.963323 -46.6344
 691.000000 -1.29037 0.764657 -29.7945
 692.000000 -1.11878 0.57113 -25.589
 693.000000 -1.14285 0.507694 -23.9442
 694.000000 -1.21314 0.249679 -29.2216
 695.000000 -1.24264 -0.116816 -36.2473
 696.000000 -1.31735 0.675662 -37.788
 697.000000 -1.33652 1.05085 -29.1463
 698.000000 -1.37154 1.17139 -26.0671
 699.000000 -1.54397 1.04683 -42.9088
 700.000000 -1.38735 1.0618 -27.7133
 701.000000 -1.48685 1.24122 -51.6614
 702.000000 -1.30255 1.1816 -36.7599
 703.000000 -1.57399 2.15416 -28.361
 704.000000 -2.64699 2.70515 -27.3525
 705.000000 -1.12869 0.263527 -30.3892
 706.000000 -2.74985 2.76111 -29.9019
 707.000000 -2.60042 2.46834 -20.0784
 708.000000 -2.62986 2.70662 -34.3582
 709.000000 -1.62244 2.59461 -57.1277
 710.000000 -1.03671 0.014361 6.72339
 711.000000 -1.238 0.704899 -16.2798
 712.000000 -1.18462 1.10565 -30.439
 713.000000 -1.61204 0.990398 -20.3775
 714.000000 -1.5534 1.26531 -34.38
 715.000000 -1.26062 1.24441 -30.1005
 716.000000 -1.59876 1.13066 -43.3147
 717.000000 -1.38724 1.14397 -42.9463
 718.000000 -1.47864 1.23612 -37.6874
 719.000000 -1.12827 1.14109 -13.5049
 720.000000 -1.33866 0.71931 -29.6459
 721.000000 -1.68811 0.953858 -31.4926
 722.000000 -1.36216 1.24426 -40.9397
 723.000000 -1.47346 1.10767 -23.8448
 724.000000 -1.36995 0.817951 -40.5417
 725.000000 -1.25064 0.713703 -28.9542
 726.000000 -1.24202 0.597963 -46.2063
 727.000000 -1.53078 1.23758 -30.0453
 728.000000 -1.34708 1.09421 -43.7635
 729.000000 -1.22385 1.12059 -38.6134
 730.000000 -1.4091 1.06158 0.184662
 731.000000 -1.34735 1.20406 -9.60132
 732.000000 -1.29357 1.15385 -16.7343
 733.000000 -1.44443 1.34123 -33.7993
 734.000000 -1.52558 0.971674 -28.1027
 735.000000 -1.68992 1.14045 -35.9378
 736.000000 -2.07763 1.21062 -19.0313
 737.000000 -2.45595 3.1388 -39.8735
 738.000000 -1.65236 2.06741 -24.1726
 739.000000 -1.24708 0.811635 -26.7024
 740.000000 -1.55982 0.693781 -24.8621
 741.000000 -1.51981 2.3812 -29.0129
 742.000000 -2.29715 2.71337 -38.2328
 743.000000 -1.45931 2.54385 9.44446
 744.000000 -0.927656 0.146189 -22.6273
 745.000000 -1.39778 0.543105 -34.882
 746.000000 -1.4961 1.80619 -0.701019
 747.000000 -1.22587 1.43424 -34.5912
 748.000000 -1.31365 1.80949 -49.5042
 749.000000 -2.51991 2.15747 -29.1088
 750.000000 -1.53329 2.38832 -35.2762
 751.000000 -1.29731 1.2304 -23.8419
 752.000000 -1.47651 0.878631 -46.4614
 753.000000 -1.36942 0.646164 -49.3053
 754.000000 -1.31952 0.618153 -34.4246
 755.000000 -1.53212 0.626262 -33.5172
 756.000000 -1.23197 1.25587 -34.0969
 757.000000 -1.516 1.37376 -29.9814
 758.000000 -2.58324 3.01026 -33.743
 759.000000 -1.67431 2.49985 -25.0888
 760.000000 -1.20238 0.939531 -23.9837
 761.000000 -1.96846 1.50361 -13.8945
 762.000000 -1.4715 1.26764 -20.3436
 763.000000 -1.24125 1.10195 -24.0029
 764.000000 -1.42045 0.757762 -28.0811
 765.000000 -1.61452 0.688973 -32.0156
 766.000000 -1.06573 0.673898 -24.9532
 767.000000 -1.11565 0.772643 -43.5731
 768.000000 -1.20433 1.02472 -35.7119
 769.000000 -2.37633 2.4038 -27.4374
 770.000000 -2.23106 2.65238 -15.9738
 771.000000 -1.2476 1.93423 -36.0829
 772.000000 -1.0474 1.64655 -40.02
 773.000000 -1.68619 1.2589 -21.59
 774.000000 -1.72903 2.30091 -24.192
 775.000000 -2.60966 2.81603 -36.5116
 776.000000 -2.80191 2.71497 -25.1982
 777.000000 -1.32654 0.11959 -21.3346
 778.000000 -2.43444 3.07792 -25.2256
 779.000000 -1.59968 2.68487 -41.2095
 780.000000 -1.20569 0.142322 -34.4376
 781.000000 -1.23579 0.286517 -25.795
 782.000000 -1.39445 0.84292 -23.3067
 783.000000 -1.9182 0.94494 -16.8429
 784.000000 -1.32084 0.986807 -42.0038
 785.000000 -1.47335 1.25243 -50.1214
 786.000000 -1.64897 1.24786 -42.3924
 787.000000 -1.31987 1.29001 -33.8789
 788.000000 -1.24575 1.15792 -45.4857
 789.000000 -1.32168 1.00978 -44.1731
 790.000000 -1.20657 1.09883 -36.998
 791.000000 -1.57631 0.785909 -28.8901
 792.000000 -1.33764 0.817542 -41.7778
 793.000000 -1.30449 0.758087 -50.9685
 794.000000 -1.19802 0.807265 -29.5681
 795.000000 -1.49998 1.07961 -31.6185
 796.000000 -1.31596 1.1731 -14.9498
 797.000000 -1.34472 1.45389 -1.48441
 798.000000 -1.26587 1.09727 -23.4668
 799.000000 -1.20894 0.788881 -37.5669
 800.000000 -1.25086 0.466583 -37.9068
 801.000000 -1.2827 0.938035 -23.834
 802.000000 -1.34507 1.16829 -30.233
 803.000000 -1.44603 1.13948 -39.5702
 804.000000 -1.31126 1.05495 -15.0061
 805.000000 -1.74182 0.88614 -30.1542
 806.000000 -1.36166 0.84061 -53.6432
 807.000000 -1.18285 0.627119 -36.0284
 808.000000 -1.25403 0.828618 -21.254
 809.000000 -1.3066 0.915399 -32.5935
 810.000000 -1.6259 0.892239 -20.6775
 811.000000 -1.31323 0.908208 18.509
 812.000000 -1.45046 1.05593 -33.7523
 813.000000 -1.46763 0.913652 -24.2401
 814.000000 -1.38418 1.43074 -31.4129
 815.000000 -1.24742 1.28656 -37.0878
 816.000000 -1.16947 1.20604 -32.5773
 817.000000 -1.6859 1.16374 -36.9058
 818.000000 -1.08035 1.23303 -33.0912
 819.000000 -1.20121 1.21837 -39.0707
 820.000000 -1.36021 1.00648 -32.8235
 821.000000 -1.72091 0.717097 -27.4872
 822.000000 -2.25702 0.957753 14.6281
 823.000000 -1.41219 1.38179 -31.9929
 824.000000 -1.42271 1.82399 -34.9573
 825.000000 -2.51374 2.20398 0.169189
 826.000000 -2.47282 2.56369 -38.2011
 827.000000 -2.56124 2.77476 -33.8723
 828.000000 -2.46586 2.52283 -37.2732
 829.000000 -2.57292 2.43206 -20.8979
 830.000000 -2.92153 2.82376 -7.64569
 831.000000 -2.81842 2.56286 -27.012
 832.000000 -1.86405 2.31706 -0.0544128
 833.000000 -2.25825 2.14224 4.409
 834.000000 -2.73968 2.97885 -30.8255
 835.000000 -2.77908 2.84605 -29.003
 836.000000 -2.5257 2.64456 -37.8698
 837.000000 -2.48223 2.94775 -41.2924
 838.000000 -2.06306 2.63428 -7.13434
 839.000000 -2.20211 2.81954 -40.3703
 840.000000 -2.51476 2.9241 -27.8699
 841.000000 -2.51934 3.07974 -32.6441
 842.000000 -2.80321 2.68273 -10.7308
 843.000000 -2.7673 2.65927 -11.0775
 844.000000 -1.15359 0.204357 -37.7426
 845.000000 -2.25295 2.73331 -0.525757
 846.000000 -2.20732 -3.09526 -16.2274
 847.000000 -2.3912 2.12931 -37.8314
 848.000000 -1.34539 1.72834 -19.3516
 849.000000 -1.46741 2.61022 -28.9005
 850.000000 -1.62911 2.96259 -28.8923
 851.000000 -2.52622 2.73238 -50.8464
 852.000000 -2.0266 2.80324 -26.6293
 853.000000 -2.50634 2.37115 -35.5938
 854.000000 -1.29997 2.06869 -37.0789
 855.000000 -1.38382 1.86404 -23.4832
 856.000000 -1.78335 2.27717 -23.4209
 857.000000 -1.49093 0.679572 -41.9762
 858.000000 -2.45125 2.6108 -10.1156
 859.000000 -1.67519 2.56249 -20.2758
 860.000000 -2.15703 2.833 -34.19
 861.000000 -1.83859 2.1941 -36.313
 862.000000 -2.68415 2.97797 -29.4918
 863.000000 -1.99741 0.549627 -19.7718
 864.000000 -1.15086 1.96418 -20.2718
 865.000000 -1.3038 0.446723 -40.1339
 866.000000 -1.86414 3.06336 -23.3416
 867.000000 -2.65569 -2.95555 -41.0673
 868.000000 -1.95524 1.55757 -10.8409
 869.000000 -1.25414 1.17091 -8.38025
 870.000000 -2.17509 2.86785 -30.7424
 871.000000 -2.06677 2.63637 -8.46381
 872.000000 -3.03698 3.05084 -7.52475
 873.000000 -2.20533 2.93885 -39.1924
 874.000000 -2.10646 2.53785 -14.6883
 875.000000 -2.62811 2.56393 -20.2394
 876.000000 -2.67838 2.57846 -11.0188
 877.000000 -2.67816 2.95024 -46.1526
 878.000000 -2.14746 2.59622 -19.5161
 879.000000 -1.27153 0.654405 -20.6653
 880.000000 -1.63374 0.802598 -22.0928
 881.000000 -1.3202 0.277851 -45.7713
 882.000000 -1.13132 0.815941 -36.8972
 883.000000 -1.52527 1.13254 -31.1999
 884.000000 -1.65225 1.05699 -12.3065
 885.000000 -1.25773 1.09788 -30.2024
 886.000000 -1.36944 0.619796 -26.1694
 887.000000 -1.94472 2.48786 -13.8968
 888.000000 -1.94158 2.69978 -34.1728
 889.000000 -1.33764 -0.213256 -2.61621
 890.000000 -1.59124 2.35316 -22.2067
 891.000000 -2.68038 2.30143 -29.735
 892.000000 -2.48844 2.44026 -24.9489
 893.000000 -2.54227 2.87017 -11.5936
 894.000000 -2.67246 2.79284 -23.0271
 895.000000 -2.39397 2.67919 -23.3436
 896.000000 -2.46004 3.00184 -41.0674
 897.000000 -2.1331 2.92438 -31.6819
 898.000000 -1.98221 2.64042 -18.0437
 899.000000 -1.45052 0.401209 -22.7336
 900.000000 -1.27608 0.191077 -21.889
 901.000000 -2.89772 3.04165 -34.0964
 902.000000 -1.42922 1.57789 -23.9764
 903.000000 -1.15702 1.4109 -10.5803
 904.000000 -1.33653 1.52624 -25.0703
 905.000000 -1.43434 2.27235 -27.5586
 906.000000 -2.12286 1.76729 -9.50299
 907.000000 -2.30182 2.59127 -52.5861
 908.000000 -2.15013 2.11448 -7.841
 909.000000 -2.4769 2.43586 -15.6826
 910.000000 -1.90473 2.78098 -15.6395
 911.000000 -2.7598 2.36958 -24.7414
 912.000000 -2.71469 2.89559 -32.8676
 913.000000 -2.30562 2.07202 -40.9545
 914.000000 -2.25302 2.38293 -33.0263
 915.000000 -2.34984 2.91688 -24.506
 916.000000 -1.05871 0.147587 -26.8203
 917.000000 -1.36343 0.291542 -37.9954
 918.000000 -1.40887 1.63511 -14.8361
 919.000000 -1.33633 1.47028 -39.1026
 920.000000 -1.3459 1.47909 -26.1812
 921.000000 -1.42843 1.83826 -29.3636
 922.000000 -2.27491 2.50338 -30.2871
 923.000000 -1.14661 2.01048 -23.9078
 924.000000 -1.46605 1.21406 -37.7026
 925.000000 -1.29783 1.61279 -18.1963
 926.000000 -2.84602 2.76398 -17.7274
 927.000000 -2.87637 2.8392 -14.9245
 928.000000 -1.93995 2.38477 -34.5002
 929.000000 -1.76058 2.51412 -33.1693
 930.000000 -2.819 -3.0374 -31.2207
 931.000000 -2.10659 1.51015 -4.36023
 932.000000 -2.24326 -3.0702 -10.4365
 933.000000 -1.54542 2.06681 -27.9395
 934.000000 -1.34593 1.38207 -41.863
 935.000000 -1.52232 1.5268 -26.444
 936.000000 -1.27775 1.70228 -34.7765
 937.000000 -1.80988 1.02176 -41.7732
 938.000000 -1.23224 1.02645 -46.6093
 939.000000 -1.77688 1.02888 -22.3952
 940.000000 -1.98062 1.15802 -40.8569
 941.000000 -1.48522 1.04059 -8.32062
 942.000000 -1.25611 0.995637 -48.9054
 943.000000 -1.6713 1.2807 -22.2539
 944.000000 -1.35141 1.29891 -30.6501
 945.000000 -1.491 1.30803 -30.4381
 946.000000 -1.87866 2.00362 -17.8668
 947.000000 -2.49626 2.94592 -13.2286
 948.000000 -1.69097 1.90867 -32.3958
 949.000000 -1.26783 1.21653 -38.0767
 950.000000 -2.34218 -3.11513 -29.2977
 951.000000 -1.72513 2.64652 -12.2142
 952.000000 -1.72394 0.626139 -39.2654
 953.000000 -2.52171 2.42918 -40.9992
 954.000000 -2.80464 2.63827 -29.6291
 955.000000 -2.67642 2.96906 -11.0775
 956.000000 -1.76781 1.60957 -38.122
 957.000000 -1.19662 1.71128 -34.6799
 958.000000 -1.83094 1.85398 -29.3565
 959.000000 -2.7193 3.0352 -16.2799
 960.000000 -2.32265 2.93671 -37.5764
 961.000000 -1.26143 2.39063 -19.9222
 962.000000 -2.0848 1.81711 3.41989
 963.000000 -2.48818 2.94494 -14.991
 964.000000 -1.47354 1.37309 -40.335
 965.000000 -1.19195 1.86109 -27.6265
 966.000000 -2.23961 2.45181 -17.3547
 967.000000 -1.45629 1.79892 -42.1859
 968.000000 -1.15892 1.72231 -33.0892
 969.000000 -1.66981 2.90669 -12.0712
 970.000000 -0.959607 0.441486 -21.8736
 971.000000 -2.07278 2.98516 -40
 972.000000 -1.28989 1.48712 -24.8148
 973.000000 -1.94369 2.61457 -36.9113
 974.000000 -2.81427 2.62936 -18.1195
 975.000000 -2.88681 2.7726 -37.4112
 976.000000 -2.58702 2.60046 -27.9024
 977.000000 -2.31953 2.5285 -46.5706
 978.000000 -2.23497 2.42074 -35.554
 979.000000 -1.94328 2.77577 -16.0349
 980.000000 -2.45296 2.82504 -32.5885
 981.000000 -2.68005 2.93267 -30.2352
 982.000000 -2.53651 3.08194 -34.4224
 983.000000 -1.99023 1.63939 16.4527
 984.000000 -1.75323 2.44496 -26.8402
 985.000000 -2.65038 2.6937 -17.8818
 986.000000 -2.41725 -2.98935 -30.8472
 987.000000 -1.82779 2.28223 -43.47
 988.000000 -1.63713 1.31769 -38.5053
 989.000000 -1.59365 1.03766 -18.1737
 990.000000 -1.24284 0.784231 -25.0312
 991.000000 -1.44499 0.623305 -19.3938
 992.000000 -1.23922 0.473351 -36.1691
 993.000000 -1.47674 0.769711 -29.4148
 994.000000 -1.60097 0.793409 -26.1492
 995.000000 -1.92057 0.345531 -19.1099
 996.000000 -1.21561 0.831305 -52.7003
 997.000000 -1.78051 0.613553 -9.68497
 998.000000 -2.44963 -3.05189 -12.1397
 999.000000 -2.10906 2.50107 -44.6683
 1000.000000 -2.05042 2.64278 -37.5878
