#! FIELDS time phi psi ene metad.bias metad.rbias metad.rct
#! SET min_phi -pi
#! SET max_phi pi
#! SET min_psi -pi
#! SET max_psi pi
 0.000000 -2.36867 2.64432 -41.4583 0 0 0
 1.000000 -1.69651 2.16136 -30.7511 0 0 0.113763
 2.000000 -1.97336 2.5314 -27.2039 0.458952 0.345189 0.249913
 3.000000 -2.57503 2.96578 -30.143 0.0105733 -0.23934 0.356073
 4.000000 -2.446 2.90694 -30.39 1.04432 0.688243 0.502423
 5.000000 -2.4874 2.48417 -34.0937 2.2732 1.77078 0.694266
 6.000000 -1.70663 2.25629 -27.2613 1.68421 0.989949 0.848107
 7.000000 -1.31114 1.53235 -38.9926 0.348636 -0.499471 0.959442
 8.000000 -1.5202 1.19197 -27.7522 2.33142 1.37198 1.15077
 9.000000 -1.18748 1.28285 -36.9661 1.34471 0.193944 1.29123
 10.000000 -1.03518 1.17213 -29.0141 1.38537 0.0941331 1.42498
 11.000000 -1.3259 1.82326 -39.1858 3.6025 2.17752 1.67356
 12.000000 -2.5124 2.9802 -27.194 3.39601 1.72244 1.83939
 13.000000 -2.25847 3.12709 -29.6573 2.63781 0.79841 2.026
 14.000000 -2.70451 2.88078 -40.2534 2.88393 0.857926 2.21199
 15.000000 -1.9526 2.57335 -28.9849 2.81691 0.604918 2.38629
 16.000000 -2.24206 2.11991 -2.60159 4.07459 1.6883 2.63943
 17.000000 -2.3419 2.2572 -25.3716 5.83138 3.19195 2.96696
 18.000000 -2.80913 -3.10227 -25.5066 2.57177 -0.395187 3.13504
 19.000000 -2.16487 1.92946 -34.5335 5.39119 2.25615 3.44674
 20.000000 -2.66857 3.05284 -60.1883 5.78081 2.33407 3.74748
 21.000000 -2.82726 2.67141 -38.4691 4.17922 0.431748 3.96218
 22.000000 -2.55895 2.95214 -45.8438 8.4039 4.44173 4.41468
 23.000000 -2.81622 2.79849 -48.7452 5.863 1.44832 4.7083
 24.000000 -1.70413 2.30894 -28.596 4.59167 -0.116631 4.81701
 25.000000 -1.04398 1.10876 -34.7927 3.01043 -1.80658 4.87304
 26.000000 -1.50656 1.08227 -34.3801 5.33028 0.45724 5.00175
 27.000000 -1.8784 2.59233 -26.065 5.71816 0.716409 5.16965
 28.000000 -1.62017 2.37115 -35.3507 6.8838 1.71415 5.35912
 29.000000 -1.53976 0.933562 -16.2814 7.57919 2.22007 5.58198
 30.000000 -1.76388 1.29277 -39.2544 8.26746 2.68548 5.8523
 31.000000 -1.57306 1.33197 -19.0045 9.30736 3.45506 6.16899
 32.000000 -1.23657 1.24066 -57.9984 6.38256 0.213574 6.33518
 33.000000 -1.12053 1.23317 -32.9834 6.00806 -0.327125 6.46294
 34.000000 -1.26063 1.34409 -17.8796 8.44802 1.98507 6.70594
 35.000000 -1.11918 1.49389 -38.1821 7.757 1.05106 6.89478
 36.000000 -0.967298 1.4883 -32.8178 5.53496 -1.35982 7.02095
 37.000000 -2.04779 2.35506 -29.8789 7.12101 0.100065 7.19268
 38.000000 -1.68491 0.852494 -5.41455 10.7783 3.58561 7.5414
 39.000000 -1.13467 1.12005 -32.8855 9.7192 2.17781 7.77057
 40.000000 -1.63904 1.26468 -47.6446 11.8514 4.08088 8.16219
 41.000000 -0.926969 1.24345 -26.4404 6.14193 -2.02026 8.27686
 42.000000 -1.47482 1.1201 -34.0645 12.191 3.91413 8.71171
 43.000000 -1.28351 1.02164 -25.2303 12.3132 3.60147 9.09746
 44.000000 -1.51159 1.38699 -21.6126 13.6912 4.59374 9.57947
 45.000000 -0.853851 0.130828 -28.912 5.2841 -4.29538 9.66078
 46.000000 -0.869214 2.44993 4.18005 6.7476 -2.91318 9.76473
 47.000000 -2.11594 2.38743 -38.1287 8.14929 -1.61544 9.85723
 48.000000 -2.65099 2.06694 -19.4048 9.39713 -0.460105 9.92266
 49.000000 -2.42707 2.9848 -25.798 10.3015 0.378814 10.0228
 50.000000 -2.64201 2.76274 -46.7827 10.9203 0.897469 10.1313
 51.000000 -3.06828 2.71223 -28.238 2.14387 -7.9874 10.1474
 52.000000 -2.97329 2.97407 -17.0319 5.10029 -5.04712 10.188
 53.000000 -2.65959 3.13194 -36.1263 12.046 1.85796 10.3376
 54.000000 -2.89682 -2.94399 -27.8233 8.26628 -2.07131 10.4319
 55.000000 -2.05663 1.36689 -21.262 9.4862 -0.945699 10.5522
 56.000000 -1.25683 1.43514 -49.3026 13.7523 3.20013 10.8611
 57.000000 -1.4141 1.53104 -33.9352 14.835 3.97394 11.2544
 58.000000 -1.36561 0.790541 -50.7199 15.5559 4.30156 11.6741
 59.000000 -0.98989 0.393616 -24.9491 11.3626 -0.311508 11.8517
 60.000000 -1.93154 1.92109 -24.5102 11.1219 -0.729803 11.9848
 61.000000 -2.04765 2.61986 -28.7501 11.1978 -0.787049 12.0916
 62.000000 -1.72472 2.57666 -38.0128 14.7678 2.67619 12.3911
 63.000000 -1.97938 2.58923 -34.5858 12.8168 0.425685 12.554
 64.000000 -2.40461 2.78725 -25.0507 12.4791 -0.074893 12.6548
 65.000000 -2.93614 2.41938 -25.4796 8.26209 -4.39269 12.6962
 66.000000 -2.90857 2.69736 -29.1122 9.92273 -2.77346 12.7546
 67.000000 -2.5539 3.0264 -23.5238 14.5432 1.78867 12.8959
 68.000000 -2.35085 2.9383 -38.0492 13.4525 0.556571 13.043
 69.000000 -2.89659 2.8993 -50.0435 11.3413 -1.70167 13.1352
 70.000000 -2.42395 2.52369 -45.4836 15.0688 1.93362 13.3283
 71.000000 -2.98798 2.89411 -11.7791 9.60651 -3.72182 13.4019
 72.000000 -0.959819 2.1335 -23.4633 11.427 -1.97488 13.4959
 73.000000 -1.40833 0.531205 -25.1316 16.8499 3.35406 13.7964
 74.000000 -0.898689 0.394454 -15.7977 10.4676 -3.32883 13.8797
 75.000000 -1.88926 1.86848 -33.1096 14.5797 0.700055 14.0442
 76.000000 -1.4397 2.28939 -21.4727 17.7284 3.68418 14.3742
 77.000000 3.01701 -2.87633 12.1663 2.46843 -11.9057 14.3773
 78.000000 -1.27171 0.663057 -26.0654 17.9033 3.52596 14.6912
 79.000000 -1.36209 0.861001 -31.7044 18.9786 4.28735 15.0669
 80.000000 -1.69327 0.930012 -27.9329 17.5922 2.52531 15.3492
 81.000000 -1.33852 0.900912 -34.3975 19.7973 4.44818 15.7439
 82.000000 -1.57039 0.843136 -37.6674 19.8792 4.13527 16.1337
 83.000000 -1.53955 0.76408 -36.4446 20.8325 4.69877 16.5602
 84.000000 -1.21574 1.86519 -37.4818 19.7578 3.19762 16.8983
 85.000000 -1.13739 0.159853 -37.3711 19.0064 2.10804 17.1825
 86.000000 -1.19319 0.966098 -13.9374 20.785 3.60247 17.5406
 87.000000 -1.2734 1.36991 -33.0313 22.4661 4.92552 17.9788
 88.000000 -1.68117 0.673195 -4.51477 19.9616 1.98275 18.2646
 89.000000 -1.14327 1.47654 -28.5651 21.0704 2.80579 18.5923
 90.000000 -1.95905 2.39584 -37.0182 15.6626 -2.92968 18.6645
 91.000000 -0.690683 2.42345 -19.961 4.56217 -14.1023 18.679
 92.000000 -0.39003 -0.574573 11.288 0.568662 -18.1104 18.6741
 93.000000 -1.07731 2.00043 -17.606 20.0788 1.40475 18.9472
 94.000000 -0.702211 2.15707 -9.4335 6.45265 -12.4946 18.9688
 95.000000 -1.60303 1.28352 -13.9274 22.1987 3.22992 19.3095
 96.000000 -1.20189 0.4889 -34.5496 23.6698 4.36033 19.7003
 97.000000 -0.921445 0.844805 -24.8615 15.7449 -3.95533 19.841
 98.000000 -1.70895 1.38353 -38.4356 21.1154 1.27435 20.0707
 99.000000 -1.17398 0.506167 -24.5949 24.2302 4.15956 20.443
 100.000000 -3.0603 -2.89577 -6.71335 8.85127 -11.5917 20.4415
 101.000000 -0.693533 0.0156294 -9.44986 7.67245 -12.7691 20.4638
 102.000000 -2.08811 1.83437 -11.6236 15.1403 -5.32349 20.4885
 103.000000 -2.03662 1.91978 -1.73557 16.5161 -3.97232 20.5279
 104.000000 -2.03924 2.45585 -20.2128 17.2562 -3.2717 20.5725
 105.000000 -2.20225 2.29179 -21.7749 16.2539 -4.31858 20.5957
 106.000000 -3.13647 2.72768 -26.5776 7.53638 -13.0593 20.5932
 107.000000 -3.13209 3.13256 -25.3618 8.64549 -11.9477 20.5912
 108.000000 -2.76954 2.79606 -32.946 16.301 -4.29019 20.6008
 109.000000 -2.12174 2.35131 -4.59259 17.7467 -2.8541 20.6395
 110.000000 -2.12919 2.59905 -43.8759 18.4204 -2.21916 20.684
 111.000000 -2.1307 2.4401 -34.4479 19.1389 -1.5451 20.7366
 112.000000 -2.63642 2.66676 -30.0074 17.7263 -3.01024 20.7551
 113.000000 2.87094 2.96825 2.91092 2.42959 -18.3255 20.7505
 114.000000 -2.5935 2.85339 -22.5247 18.514 -2.23648 20.7761
 115.000000 -2.22793 2.31552 -19.1884 19.0446 -1.7315 20.8279
 116.000000 -0.983968 0.000684842 -9.95679 19.7257 -1.10222 21.0053
 117.000000 -1.37958 2.24271 -36.846 25.7361 4.73083 21.4042
 118.000000 -2.06338 2.4702 -37.2571 20.967 -0.437191 21.4724
 119.000000 -2.30788 2.7751 -42.6971 19.5551 -1.91728 21.5209
 120.000000 -2.45606 -3.06527 11.8454 19.8072 -1.71373 21.564
 121.000000 -2.7837 2.86673 -23.3779 18.2466 -3.31741 21.5861
 122.000000 -2.27132 2.7905 -44.8672 21.0241 -0.562052 21.6571
 123.000000 -2.09452 2.11466 -4.7655 22.4933 0.836168 21.7548
 124.000000 -2.09119 2.61226 -27.2956 23.1531 1.39835 21.8687
 125.000000 -2.73047 -3.05535 -33.7833 19.7499 -2.11878 21.9027
 126.000000 -2.99547 3.02095 -4.73132 14.6761 -7.22657 21.9135
 127.000000 -2.47931 2.95566 -42.1599 21.6788 -0.234716 21.993
 128.000000 -2.38731 2.96613 -39.127 22.4561 0.463054 22.1
 129.000000 -2.16146 2.65102 -44.1833 24.0948 1.99478 22.243
 130.000000 -2.51467 2.90129 -49.4849 22.9972 0.754207 22.3498
 131.000000 -2.65178 2.91102 -13.4255 22.6636 0.313723 22.4379
 132.000000 2.95304 2.97151 4.673 5.35267 -17.0853 22.4345
 133.000000 -0.55284 1.57239 -8.57324 4.9398 -17.4947 22.4331
 134.000000 -0.556246 1.85264 -23.479 6.06579 -16.3673 22.432
 135.000000 -1.58755 3.0969 -41.0987 24.4828 2.05081 22.6426
 136.000000 1.22705 -0.472651 8.23129 0 -22.6426 22.6379
 137.000000 0.970452 -0.431815 -21.4542 0.525631 -22.1123 22.6331
 138.000000 0.85885 -0.127456 -31.7383 1.23085 -21.4023 22.6284
 139.000000 1.24392 -0.915541 -19.4893 1.839 -20.7894 22.6237
 140.000000 1.07926 -1.13679 -29.3517 3.37796 -19.2458 22.6191
 141.000000 1.09619 -1.37983 -13.7158 4.47371 -18.1454 22.6145
 142.000000 1.00576 -1.02917 -28.9038 5.24751 -17.367 22.61
 143.000000 1.18566 -0.634706 -27.0553 5.84538 -16.7646 22.6055
 144.000000 0.788073 -0.183826 -29.7943 3.47791 -19.1276 22.6008
 145.000000 1.19941 -0.865543 -8.22354 6.83982 -15.761 22.5964
 146.000000 1.02744 -1.06342 -37.1477 8.38658 -14.2099 22.5921
 147.000000 1.08645 -0.661237 -32.7679 9.5362 -13.0559 22.588
 148.000000 1.19496 -0.592048 -30.6543 9.37705 -13.2109 22.5839
 149.000000 0.994724 -0.692106 -15.0081 10.4403 -12.1436 22.5799
 150.000000 0.694963 -0.492304 -29.8786 3.7429 -18.837 22.5753
 151.000000 1.2766 -0.638851 -25.3976 8.72805 -13.8473 22.5713
 152.000000 1.06156 -0.668264 -28.217 12.7778 -9.79354 22.5679
 153.000000 0.96278 -0.925549 -20.9078 12.2308 -10.3371 22.5646
 154.000000 0.793913 -0.589507 -21.1012 8.23619 -14.3284 22.5609
 155.000000 1.12806 -1.11788 -49.9519 14.3667 -8.19412 22.5584
 156.000000 0.962331 -0.647231 -30.3742 14.3407 -8.21768 22.5563
 157.000000 1.38973 -0.864012 -2.08014 6.74561 -15.8107 22.553
 158.000000 1.05109 -0.903047 -13.4277 16.507 -6.04596 22.5523
 159.000000 0.812149 -0.90428 -16.6241 11.0066 -11.5457 22.5506
 160.000000 0.758911 -0.972851 -24.0065 9.87952 -12.6711 22.5489
 161.000000 1.33673 -1.21926 -15.2565 10.1428 -12.406 22.5476
 162.000000 0.584738 -0.868411 12.2387 4.72964 -17.818 22.5441
 163.000000 1.31024 -0.913958 -24.8986 12.1719 -10.3722 22.5443
 164.000000 0.750161 -0.289111 -16.6003 11.246 -11.2982 22.544
 165.000000 0.707471 -0.833156 -29.836 10.6175 -11.9265 22.5435
 166.000000 1.3634 -0.888662 -10.9989 10.7752 -11.7682 22.5441
 167.000000 0.899932 -1.28553 -22.2771 17.4815 -5.06259 22.5504
 168.000000 1.05805 -0.66877 -26.9561 20.116 -2.43438 22.5616
 169.000000 0.67954 -0.20349 -29.5424 11.0443 -11.5174 22.5641
 170.000000 0.885577 -0.626421 -9.73633 18.8904 -3.67369 22.578
 171.000000 1.36629 -1.13 4.94934 11.8498 -10.7282 22.5844
 172.000000 0.53797 -0.461447 -11.9712 6.67357 -15.9109 22.5838
 173.000000 1.26131 -0.782179 -24.4924 17.2754 -5.30847 22.5997
 174.000000 0.541135 -0.0458872 4.49777 7.79246 -14.8072 22.5999
 175.000000 0.91623 -0.68847 -34.3594 20.8742 -1.7257 22.6276
 176.000000 1.10327 -0.703136 -36.3639 22.4254 -0.20223 22.6649
 177.000000 1.3421 -0.938259 -8.09729 14.9247 -7.74018 22.687
 178.000000 0.612276 -1.11689 -7.0025 11.6659 -11.0211 22.6962
 179.000000 0.42716 -0.116169 -3.28143 5.58587 -17.1103 22.6948
 180.000000 1.26012 -0.805558 10.6804 19.4602 -3.23461 22.7337
 181.000000 0.941013 -0.198015 -24.8145 23.0407 0.306941 22.7951
 182.000000 0.69107 0.112925 -16.7262 16.3342 -6.46095 22.824
 183.000000 1.21188 -0.714065 -29.3346 22.1844 -0.639644 22.8918
 184.000000 1.41732 -0.737143 -8.70242 12.8444 -10.0473 22.9248
 185.000000 -1.73351 1.11527 -48.5011 23.492 0.567231 23.067
 186.000000 -2.88575 2.41025 -23.0145 18.9721 -4.09485 23.0956
 187.000000 -1.60682 2.28196 -17.644 25.4141 2.3185 23.2871
 188.000000 -1.78184 0.549665 -29.8294 24.1934 0.906288 23.4421
 189.000000 -1.37875 0.615318 -11.5453 27.236 3.79395 23.6878
 190.000000 -1.47023 0.9022 -32.7905 27.6497 3.96184 23.9544
 191.000000 -1.24178 0.558113 -16.8428 27.4821 3.52766 24.1922
 192.000000 -1.90025 1.11867 -24.9412 24.561 0.368819 24.3156
 193.000000 -1.09524 1.40228 -44.1186 24.9572 0.641645 24.478
 194.000000 -0.897112 0.466119 -42.6759 18.0492 -6.42877 24.5426
 195.000000 -0.709486 2.41603 -4.39059 11.5765 -12.9661 24.5551
 196.000000 -0.180271 -0.971642 9.2157 1.17777 -23.3773 24.5507
 197.000000 0.530264 -1.24902 -9.15427 10.8396 -13.7111 24.5535
 198.000000 0.896819 -1.09399 -18.0567 23.6047 -0.948741 24.5992
 199.000000 1.21938 -0.608378 -26.9572 23.2874 -1.31189 24.6493
 200.000000 0.427624 0.0268807 -3.64938 7.81802 -16.8313 24.6488
 201.000000 0.489806 -0.617577 -14.1782 11.149 -13.4999 24.652
 202.000000 1.1277 -1.08485 -39.9637 26.0936 1.44168 24.7241
 203.000000 1.46698 -0.732952 -22.0162 11.4141 -13.3101 24.746
 204.000000 1.20263 -0.828641 -38.0827 25.3899 0.643931 24.8268
 205.000000 1.08721 -0.565077 -11.5214 27.7148 2.88798 24.9361
 206.000000 0.979488 -0.557571 -10.6349 27.3231 2.38696 25.059
 207.000000 0.724409 -0.827493 -19.425 20.6056 -4.45343 25.1191
 208.000000 0.712657 -0.282922 -13.7712 20.901 -4.21801 25.1817
 209.000000 0.809782 -0.123971 -10.5692 24.6363 -0.545395 25.2905
 210.000000 -1.3492 0.910399 -45.3764 29.1131 3.82261 25.5113
 211.000000 -2.46924 2.75443 -10.327 24.3088 -1.20251 25.5505
 212.000000 -2.05947 2.79234 -6.35641 25.6494 0.0988522 25.6172
 213.000000 -2.63859 2.41642 -22.7015 24.2392 -1.37798 25.6508
 214.000000 -3.0058 -2.91453 -12.886 16.3815 -9.26928 25.6563
 215.000000 -0.794807 2.06089 -9.95352 15.4688 -10.1876 25.6786
 216.000000 -0.970088 -0.0438115 -34.1762 22.761 -2.91767 25.7618
 217.000000 -1.4967 0.982459 -49.3126 28.9804 3.21858 25.976
 218.000000 -1.65203 0.687226 -26.4025 27.6876 1.71157 26.1477
 219.000000 -0.698798 2.48538 1.11554 13.1126 -13.0352 26.1566
 220.000000 -0.791552 0.82598 -38.0833 17.3395 -8.8171 26.1827
 221.000000 -1.62325 0.904887 -14.7429 28.6557 2.47299 26.3786
 222.000000 -1.22894 0.863075 -20.1835 29.871 3.49238 26.6022
 223.000000 -1.4005 0.79871 -19.1489 31.0487 4.44653 26.8811
 224.000000 -0.849696 0.109023 -26.1891 20.3168 -6.56429 26.9272
 225.000000 -1.25304 1.23748 -45.0253 31.1301 4.20286 27.1934
 226.000000 -1.35251 0.629145 -36.6978 32.0752 4.88184 27.499
 227.000000 -1.35782 2.19421 -38.9624 32.5825 5.08346 27.8182
 228.000000 -0.353219 -0.277014 -10.4147 4.61324 -23.205 27.8142
 229.000000 -1.00816 0.526952 -18.744 26.7619 -1.05232 27.9579
 230.000000 -0.322917 -0.545694 9.96695 5.15551 -22.8024 27.9539
 231.000000 -1.69017 1.15605 -43.7268 28.7571 0.803204 28.1271
 232.000000 -1.26774 0.96934 -48.6507 33.0041 4.877 28.4396
 233.000000 -1.71642 0.893487 8.95886 28.8442 0.404596 28.6009
 234.000000 -1.08911 1.26354 -14.3857 30.1036 1.50272 28.8073
 235.000000 -2.89222 2.39751 -40.8496 20.5359 -8.27145 28.8089
 236.000000 -2.90876 2.61272 -20.3778 20.7838 -8.02511 28.8109
 237.000000 -3.06352 2.46929 -15.8092 16.1856 -12.6253 28.8101
 238.000000 -2.44572 2.75411 -23.3794 25.5337 -3.27637 28.8253
 239.000000 -2.52826 2.89079 -40.2759 26.3202 -2.50512 28.8426
 240.000000 -1.64579 1.94765 -22.6581 30.7938 1.95122 29.05
 241.000000 3.10838 2.8237 -25.5956 12.5344 -16.5156 29.0476
 242.000000 -3.10875 -2.93873 -22.8496 15.9941 -13.0536 29.0467
 243.000000 -3.06337 2.87133 -28.5997 18.4867 -10.56 29.0474
 244.000000 -0.857822 -0.0963759 -9.63519 22.2756 -6.77176 29.1062
 245.000000 1.49019 -0.679352 -22.0086 11.3098 -17.7964 29.1104
 246.000000 0.721685 -1.62447 -19.5103 22.4553 -6.65509 29.125
 247.000000 0.560338 -1.13161 -4.09866 16.559 -12.566 29.1291
 248.000000 -2.22651 1.56613 -29.8536 26.3435 -2.7856 29.1513
 249.000000 -0.983894 2.23082 -27.9051 27.7376 -1.41368 29.2822
 250.000000 -0.508311 2.2598 -7.22516 9.99542 -19.2868 29.2805
 251.000000 0.337286 -0.740976 -10.9799 7.14127 -22.1393 29.2775
 252.000000 1.46518 -0.991807 -1.21982 13.6639 -15.6135 29.2839
 253.000000 1.17964 -0.883178 -29.2002 28.2787 -1.0052 29.3177
 254.000000 -0.0478221 -0.585426 23.1422 2.43679 -26.8809 29.3136
 255.000000 1.48267 -0.788786 -17.3571 13.6409 -15.6727 29.3219
 256.000000 0.842436 -0.562494 3.2984 27.1795 -2.1424 29.357
 257.000000 1.11121 -0.545479 -32.5294 30.3878 1.03077 29.4103
 258.000000 0.616743 -0.811395 -4.72891 20.502 -8.90829 29.4242
 259.000000 1.36032 -0.63807 6.53506 22.0099 -7.41426 29.4549
 260.000000 1.75352 -1.26894 11.3213 2.66738 -26.7875 29.4519
 261.000000 -1.93013 0.40155 -17.1428 27.2155 -2.23644 29.5043
 262.000000 -1.8516 2.54288 -1.46823 28.2483 -1.25599 29.5874
 263.000000 -0.315486 -0.300693 -18.1595 7.13233 -22.455 29.5836
 264.000000 1.58551 -0.14365 -7.8876 9.88652 -19.697 29.5877
 265.000000 0.264238 0.939292 5.29758 6.04375 -23.5439 29.5843
 266.000000 -1.4793 0.156905 -11.0662 33.8781 4.2938 29.8598
 267.000000 -0.723995 0.130978 -16.9145 18.2505 -11.6093 29.8766
 268.000000 -2.9339 -3.05088 -36.007 23.0246 -6.85197 29.8797
 269.000000 -0.085779 -1.05735 18.9301 4.66824 -25.2115 29.8758
 270.000000 -0.776282 1.77018 5.85251 21.0314 -8.84436 29.9055
 271.000000 -1.7959 0.00168747 -15.843 29.5918 -0.313665 30.0195
 272.000000 -0.0659329 1.29752 -2.7778 5.50097 -24.5185 30.0156
 273.000000 -1.64982 2.17441 -21.9538 32.5608 2.54521 30.2189
 274.000000 -1.31061 1.02113 -35.3643 34.9763 4.75742 30.5084
 275.000000 -2.99716 -3.10715 -23.9416 22.0104 -8.49805 30.5094
 276.000000 3.10896 -3.12056 -26.4445 15.5493 -14.9602 30.5077
 277.000000 -0.568117 -0.463756 -20.2737 14.1179 -16.3898 30.5081
 278.000000 -1.78669 0.576325 -23.9954 30.6981 0.190015 30.6387
 279.000000 -1.13954 1.58664 -40.412 33.3243 2.68561 30.8468
 280.000000 -1.92574 0.85987 -38.4353 29.4255 -1.42136 30.9157
 281.000000 -0.941155 1.98538 -7.7832 28.2886 -2.62709 31.0084
 282.000000 -2.43607 2.90697 -38.0049 27.0844 -3.92398 31.0195
 283.000000 -2.53245 2.91895 -47.8468 27.7943 -3.22528 31.0314
 284.000000 -2.28479 2.79034 -24.4856 27.8445 -3.18691 31.0512
 285.000000 -2.49601 2.62365 -20.2406 28.6687 -2.38252 31.0688
 286.000000 3.10904 2.1914 8.40244 16.3478 -14.721 31.0673
 287.000000 -2.70367 2.61609 -45.5566 27.965 -3.10234 31.082
 288.000000 -2.65789 -3.07512 -15.8985 28.9503 -2.13174 31.1017
 289.000000 -2.48745 -2.96668 -19.308 29.9265 -1.17526 31.1298
 290.000000 -2.87511 2.73618 -12.6679 26.9229 -4.20685 31.1434
 291.000000 -2.56276 2.79259 -43.0451 30.6844 -0.458971 31.1776
 292.000000 -2.6002 2.57249 -27.9082 31.0926 -0.0849977 31.217
 293.000000 -2.36389 2.47343 -14.9769 30.2622 -0.95477 31.2609
 294.000000 -2.36879 2.49415 -31.8845 30.8488 -0.412068 31.3117
 295.000000 -2.77698 -2.90179 -10.7145 29.7175 -1.59418 31.3504
 296.000000 -3.03052 2.46978 -14.2768 23.863 -7.48739 31.3619
 297.000000 -3.09166 2.64086 -9.44449 21.9551 -9.40681 31.3699
 298.000000 -2.18686 2.9548 -18.0074 30.0012 -1.3687 31.4175
 299.000000 -2.10702 2.67981 -18.7972 30.369 -1.0485 31.4687
 300.000000 2.83784 2.6198 17.5425 5.76974 -25.699 31.4654
 301.000000 -2.44516 3.06496 -35.3297 32.6227 1.15726 31.5396
 302.000000 -2.4582 2.01735 -25.1206 33.2044 1.66475 31.6242
 303.000000 -2.57957 3.11686 -21.4464 33.6207 1.99645 31.7154
 304.000000 -2.33529 2.814 -41.3551 32.8257 1.1103 31.8113
 305.000000 -2.72722 2.56563 -20.9284 32.232 0.420754 31.8945
 306.000000 -2.21005 2.55309 -35.7067 32.0828 0.188204 31.9807
 307.000000 -3.03364 2.89261 -7.45184 25.3454 -6.63538 32.0002
 308.000000 -2.03667 2.60929 -34.965 31.4354 -0.564817 32.0687
 309.000000 -2.1303 2.48346 -44.114 32.4812 0.412443 32.1544
 310.000000 -3.12334 2.63955 -14.0539 22.0482 -10.1062 32.1639
 311.000000 -1.87757 2.38629 -14.8381 31.803 -0.360887 32.2484
 312.000000 -2.19676 2.55331 -32.5383 33.4821 1.2337 32.3556
 313.000000 2.90557 2.77451 7.06842 9.75075 -22.6048 32.3533
 314.000000 -0.660371 0.00053598 -18.549 18.1994 -14.1538 32.357
 315.000000 -1.80591 1.08402 -42.0509 32.7142 0.357249 32.4595
 316.000000 -0.776833 1.56397 -10.3824 23.3449 -9.11458 32.4757
 317.000000 -1.54911 2.05139 -24.4535 35.4021 2.92647 32.6409
 318.000000 -0.737028 -0.298554 -7.13483 22.464 -10.1769 32.6523
 319.000000 1.51919 -1.00267 -15.2602 14.3033 -18.349 32.6527
 320.000000 0.165634 -0.707411 8.14517 5.78782 -26.8648 32.6489
 321.000000 0.129618 -0.916084 -10.424 6.53013 -26.1188 32.6452
 322.000000 0.473954 -1.29622 -4.69135 15.9028 -16.7425 32.6434
 323.000000 0.579144 -0.891922 -28.0399 20.7821 -11.8613 32.6441
 324.000000 -0.407294 -0.661261 4.13818 11.7789 -20.8652 32.641
 325.000000 -1.88975 2.10624 -27.8698 33.0187 0.377771 32.7407
 326.000000 -1.2855 2.21907 -20.7931 36.0971 3.35646 32.9088
 327.000000 0.166042 -0.64223 -3.93335 8.14311 -24.7657 32.9052
 328.000000 -1.61531 1.27524 -44.4475 35.6886 2.78343 33.0726
 329.000000 -1.82197 1.35553 -23.0758 34.0507 0.978162 33.1935
 330.000000 -0.0665507 0.486775 -1.64441 8.4468 -24.7467 33.1899
 331.000000 -1.34633 0.9277 -28.48 36.9726 3.78264 33.3844
 332.000000 -1.87902 1.95682 -10.9055 34.2082 0.823819 33.4966
 333.000000 -2.99909 2.76673 -32.9795 27.8781 -5.61852 33.5111
 334.000000 3.06449 -2.85572 -20.128 18.7332 -14.7779 33.5124
 335.000000 -0.859481 2.09733 -15.8148 27.6521 -5.8603 33.5428
 336.000000 -0.749076 -0.434951 -18.302 24.2973 -9.24544 33.556
 337.000000 -2.0197 0.596306 -20.7415 34.4658 0.909809 33.6505
 338.000000 -1.48819 1.01456 -21.9285 37.4247 3.77423 33.8547
 339.000000 -1.6507 1.9696 -30.439 36.9506 3.09583 34.0404
 340.000000 -1.56315 1.58656 -45.7231 37.9769 3.93648 34.2554
 341.000000 -2.02624 1.48494 -3.09338 35.0591 0.803681 34.3481
 342.000000 -1.83358 2.81342 -38.2603 36.1116 1.76343 34.4961
 343.000000 -2.14455 2.48959 -27.8287 35.3835 0.887385 34.5846
 344.000000 3.10591 2.84433 -23.6905 21.6196 -12.965 34.5858
 345.000000 -0.655347 1.60371 10.6679 21.2114 -13.3743 34.588
 346.000000 -1.36158 0.839602 -32.0317 38.3087 3.72071 34.7851
 347.000000 -1.09539 0.183474 -31.5217 34.9312 0.146084 34.8858
 348.000000 -1.76665 0.716384 -24.9317 37.2659 2.38006 35.0545
 349.000000 -1.2372 0.65728 -29.1137 37.8919 2.83744 35.219
 350.000000 -1.21864 0.869661 -20.1868 38.0716 2.85258 35.3853
 351.000000 -1.28146 1.1372 -33.8053 39.2395 3.85412 35.5864
 352.000000 -1.41163 1.47732 -23.354 40.0941 4.50768 35.8272
 353.000000 -1.10827 0.844172 -38.6865 36.8188 0.99161 35.9634
 354.000000 -1.46162 0.756571 -21.9528 40.4923 4.52892 36.2135
 355.000000 -1.03796 0.37824 -33.1875 35.4125 -0.801015 36.3208
 356.000000 -1.87947 0.673524 -18.5775 36.948 0.627267 36.4242
 357.000000 -1.62498 0.882021 -32.3953 39.8592 3.43498 36.635
 358.000000 -1.18908 1.18197 -23.2554 39.5964 2.96144 36.8177
 359.000000 -1.18436 1.9802 -43.2276 39.9236 3.1059 37.0063
 360.000000 -0.988135 0.0991672 -34.1978 34.899 -2.10728 37.0987
 361.000000 1.24667 -0.988062 -13.3948 28.7581 -8.34055 37.0981
 362.000000 1.26372 -0.853584 -45.8335 28.7234 -8.37476 37.098
 363.000000 0.431951 -0.798513 -21.8181 16.0144 -21.0836 37.0948
 364.000000 0.854991 -0.039361 -24.758 29.2884 -7.80636 37.0949
 365.000000 -1.58542 1.49738 -25.8906 40.7374 3.64245 37.3142
 366.000000 -1.74505 0.803678 -40.5883 39.2299 1.91567 37.4683
 367.000000 0.649582 -1.54483 -27.8249 24.7353 -12.733 37.4664
 368.000000 -1.37641 1.03811 -33.0775 42.2808 4.81434 37.7238
 369.000000 -0.805754 -0.562643 -13.4475 28.632 -9.09178 37.7482
 370.000000 0.785995 -0.829759 -25.4241 28.8571 -8.89107 37.7475
 371.000000 0.869447 0.247616 -12.0701 30.9666 -6.78092 37.7481
 372.000000 0.990848 -0.0942572 -6.87982 32.9659 -4.78228 37.7503
 373.000000 1.55006 -0.603035 -3.57529 13.8171 -23.9332 37.7476
 374.000000 0.90917 -0.357121 -26.8532 32.5512 -5.19648 37.7502
 375.000000 -0.0298751 1.1112 -4.00549 9.32626 -28.424 37.7469
 376.000000 0.457136 -0.994095 -10.3333 18.5039 -19.243 37.7442
 377.000000 1.43833 -1.32029 -6.67221 21.2108 -16.5334 37.7431
 378.000000 0.762297 -1.52798 -31.991 30.2166 -7.52652 37.7447
 379.000000 1.43143 -0.726492 -16.7426 22.2961 -15.4486 37.744
 380.000000 1.21269 -0.84885 -23.4027 32.5409 -5.20313 37.748
 381.000000 1.32517 -0.876847 -31.6555 28.9718 -8.7762 37.7506
 382.000000 0.837868 -0.888173 -38.4452 32.5281 -5.22251 37.7557
 383.000000 1.37025 -0.581097 -19.1861 27.2693 -10.4864 37.7583
 384.000000 0.777715 -0.513612 -33.6247 31.6767 -6.08165 37.7633
 385.000000 1.56636 -0.81162 3.36002 15.544 -22.2192 37.7619
 386.000000 1.18155 -0.560645 -13.2843 34.8474 -2.91445 37.7717
 387.000000 0.452416 -0.397491 -6.2699 19.4119 -18.3598 37.7698
 388.000000 0.307519 0.115253 -8.18463 14.2715 -23.4983 37.7668
 389.000000 -1.36849 1.94282 -29.1295 42.675 4.90822 38.0199
 390.000000 -2.4199 1.81047 -15.5693 35.5897 -2.43027 38.0364
 391.000000 0.431924 -1.01901 5.6048 19.8834 -18.153 38.0342
 392.000000 1.16549 -1.02157 -17.2884 35.5666 -2.46766 38.045
 393.000000 0.975078 -0.626515 -38.401 36.0245 -2.02057 38.059
 394.000000 0.743993 0.0207052 -18.1062 32.1304 -5.92865 38.0666
 395.000000 1.26742 -0.71764 -37.105 33.7398 -4.3268 38.0787
 396.000000 0.90988 -0.983328 -38.8273 36.098 -1.98073 38.0968
 397.000000 1.41419 -0.444658 -12.218 26.8059 -11.2909 38.1042
 398.000000 1.15073 -0.861732 -31.5355 37.4676 -0.636532 38.1277
 399.000000 1.07794 -0.532423 -41.4543 38.3166 0.188869 38.1571
 400.000000 0.801427 -0.553303 -23.7038 34.7415 -3.41561 38.1776
 401.000000 1.16999 -1.00789 -10.0851 38.1204 -0.057201 38.2108
 402.000000 1.14593 -1.01079 -14.3846 38.9064 0.695583 38.2503
 403.000000 0.123696 -1.06473 -10.2404 11.377 -26.8733 38.2471
 404.000000 -0.947474 2.29504 -10.1451 34.501 -3.74607 38.3099
 405.000000 -0.893837 1.80069 -18.263 33.0637 -5.24622 38.3571
 406.000000 -0.474625 1.59542 -7.18076 15.5633 -22.7938 38.3548
 407.000000 -0.931954 2.05392 -29.7331 34.9832 -3.37154 38.4183
 408.000000 -1.6103 0.508123 -20.5213 41.6159 3.19762 38.6015
 409.000000 -0.858605 1.75948 -14.1852 32.7731 -5.82842 38.6414
 410.000000 -1.07167 1.46383 -17.015 39.8601 1.21874 38.7712
 411.000000 -1.36598 -0.174874 -15.0239 43.5285 4.75735 39.0086
 412.000000 -2.76712 2.64879 -35.3702 32.9668 -6.04185 39.0123
 413.000000 -1.44204 0.331113 -31.4842 43.6717 4.65945 39.2513
 414.000000 1.32904 -0.741708 -25.5258 33.278 -5.9733 39.2687
 415.000000 1.48933 -0.61008 -11.1608 23.12 -16.1486 39.276
 416.000000 1.46588 -1.09217 -13 25.4839 -13.7921 39.2859
 417.000000 -0.706672 0.0296543 -24.7358 26.5823 -12.7036 39.2972
 418.000000 1.57833 -0.43838 -7.39456 17.7558 -21.5413 39.3005
 419.000000 0.291931 0.00683973 3.24625 15.8237 -23.4768 39.2977
 420.000000 -1.06892 0.145848 -13.4552 40.5105 1.21285 39.4323
 421.000000 -1.72371 1.35339 -15.5679 40.6498 1.21747 39.5585
 422.000000 1.15052 -0.960768 1.01752 40.0049 0.446335 39.5905
 423.000000 1.48326 -0.83467 -18.2967 25.5882 -14.0023 39.601
 424.000000 1.61668 -0.865354 0.81778 16.285 -23.316 39.6035
 425.000000 0.522865 -0.0248806 -32.0457 25.5039 -14.0996 39.6044
 426.000000 0.688144 0.107165 -1.69589 32.3814 -7.22299 39.6149
 427.000000 -0.794321 0.273109 -36.2345 31.4428 -8.1721 39.6422
 428.000000 -1.84377 1.24369 -18.5784 39.0754 -0.566783 39.7203
 429.000000 -1.26163 1.09843 -24.0247 44.1455 4.42517 39.9334
 430.000000 -1.61986 1.14222 -22.7234 42.987 3.05362 40.1088
 431.000000 -1.63764 1.21791 -25.6125 43.1296 3.02083 40.2824
 432.000000 -1.46164 1.24713 -38.0138 44.9934 4.711 40.5194
 433.000000 -1.1135 1.20886 -35.0314 42.4619 1.94254 40.6675
 434.000000 -0.962439 0.838215 -17.0997 38.7231 -1.94443 40.7476
 435.000000 -1.1558 0.870573 -24.7315 43.9738 3.2262 40.927
 436.000000 -1.62209 0.762424 -5.5293 44.0166 3.08969 41.104
 437.000000 -1.39014 0.94919 -20.5088 46.0489 4.94496 41.3508
 438.000000 -2.10527 1.38525 -4.49506 36.9281 -4.42268 41.3658
 439.000000 -1.83601 2.45771 -35.4779 40.5385 -0.82738 41.4478
 440.000000 -2.6315 2.90713 -19.4117 35.2825 -6.16536 41.4491
 441.000000 -2.46491 3.04423 -31.7194 36.6642 -4.78489 41.4527
 442.000000 -2.72046 2.97906 -16.996 34.7232 -6.72947 41.4541
 443.000000 -2.98945 3.07798 -9.34854 30.1104 -11.3437 41.4527
 444.000000 -2.76503 2.67719 -27.5109 34.7605 -6.69219 41.4542
 445.000000 -2.38052 2.74893 -21.7412 37.0533 -4.40093 41.4607
 446.000000 -2.82557 2.90485 -22.3237 34.357 -7.10374 41.4622
 447.000000 2.7092 2.34271 16.4116 4.16967 -37.2926 41.4591
 448.000000 2.90544 2.86779 -18.4541 12.4614 -28.9976 41.456
 449.000000 -2.90258 3.12991 -2.38681 33.5009 -7.9551 41.4567
 450.000000 2.79337 2.95911 8.66583 8.61359 -32.8432 41.4536
 451.000000 -2.76066 -3.01897 -25.5765 36.2116 -5.24198 41.4575
 452.000000 2.91826 3.11845 -27.6191 14.7451 -26.7124 41.4546
 453.000000 2.99287 2.6963 -16.8831 19.0659 -22.3887 41.4519
 454.000000 2.87348 2.83496 -11.3784 14.165 -27.2869 41.449
 455.000000 -3.07749 2.69526 -19.4984 29.7346 -11.7144 41.4481
 456.000000 -3.0229 2.77056 -15.2701 32.1145 -9.33356 41.4482
 457.000000 -2.73856 2.81011 -21.0771 37.2831 -4.16506 41.4542
 458.000000 -2.64142 2.49754 -19.694 38.5003 -2.95397 41.4631
 459.000000 -2.38067 2.82436 -21.7513 37.9026 -3.56047 41.474
 460.000000 -2.43091 2.79664 -26.5739 38.7919 -2.68207 41.4867
 461.000000 -3.06277 2.44606 14.137 31.4726 -10.0141 41.4875
 462.000000 -2.52144 2.43775 -41.1181 39.7637 -1.72379 41.5025
 463.000000 -2.3737 2.68335 -6.30334 39.0005 -2.50197 41.5189
 464.000000 -2.76994 2.41523 -16.3949 38.3507 -3.16821 41.5318
 465.000000 2.78818 2.69475 -8.58777 11.3443 -30.1875 41.5288
 466.000000 2.95337 2.56401 -11.5642 19.8994 -21.6295 41.5265
 467.000000 -2.95853 3.14037 0.105347 35.5938 -5.93276 41.5325
 468.000000 -2.46397 3.13774 -28.8313 40.4175 -1.11499 41.5542
 469.000000 3.13802 2.8039 -24.1475 29.5418 -12.0124 41.5549
 470.000000 -3.07797 2.78973 -3.4856 32.8712 -8.68371 41.558
 471.000000 -2.73472 2.86653 -32.5191 39.8423 -1.7157 41.5788
 472.000000 -2.3329 2.99774 -19.603 39.4249 -2.15392 41.602
 473.000000 3.1077 2.34635 -34.0605 29.1717 -12.4303 41.6032
 474.000000 -2.64284 2.55273 -41.3836 41.2572 -0.346062 41.6328
 475.000000 -2.29977 2.93188 -38.6681 39.5575 -2.07534 41.6595
 476.000000 -1.97945 2.93373 -18.3372 39.3319 -2.32759 41.6994
 477.000000 -1.84743 2.43829 -18.7871 41.1807 -0.518738 41.7764
 478.000000 -2.71174 2.40326 -29.3438 41.0282 -0.748164 41.8067
 479.000000 -2.59134 3.00138 -37.0733 42.4471 0.64039 41.8461
 480.000000 -0.726321 -0.0320824 -2.05753 29.025 -12.8211 41.8569
 481.000000 1.38702 -1.10184 -13.6894 33.0684 -8.78847 41.8634
 482.000000 -0.629791 -0.707704 -14.2554 24.4402 -17.4232 41.8663
 483.000000 0.656439 -1.21364 -15.5799 31.7899 -10.0765 41.8683
 484.000000 -0.499651 -0.698387 -6.79843 18.6912 -23.1771 41.8667
 485.000000 0.799391 -1.0707 -17.3994 36.5371 -5.32962 41.8745
 486.000000 -0.174086 -0.930853 2.16425 11.6862 -30.1883 41.8715
 487.000000 -0.302425 1.28959 3.12625 13.9428 -27.9287 41.8686
 488.000000 -0.591569 1.38389 -6.86621 24.1125 -17.7561 41.8697
 489.000000 0.226459 -0.698754 3.34122 15.217 -26.6527 41.8668
 490.000000 0.895638 -0.584355 -17.0492 38.9578 -2.90896 41.8802
 491.000000 0.433091 -0.947794 -21.6947 23.4265 -18.4537 41.8786
 492.000000 -1.20966 0.824152 -24.4972 45.4548 3.57621 42.0437
 493.000000 -1.74992 0.718983 -28.8372 43.1925 1.14881 42.1518
 494.000000 -1.224 0.208871 -30.5068 45.9991 3.84731 42.3251
 495.000000 -0.57707 0.145242 -18.3803 24.073 -18.2521 42.3258
 496.000000 -0.811799 0.45732 -22.654 35.2177 -7.10809 42.3523
 497.000000 -0.833586 0.660889 -8.08557 36.5214 -5.83091 42.3852
 498.000000 -1.57793 0.92816 -29.4366 45.9803 3.59504 42.5589
 499.000000 -1.60731 1.16008 -41.0784 46.028 3.46913 42.7277
 500.000000 -1.70413 1.33879 -38.3539 44.9533 2.22557 42.8636
 501.000000 0.6766 -1.01632 -30.8198 33.9798 -8.88376 42.866
 502.000000 0.0782103 -1.43922 16.3739 13.6159 -29.2501 42.863
 503.000000 1.2274 -1.20331 -30.7035 40.0688 -2.7942 42.8734
 504.000000 0.559846 -1.25248 -3.68826 29.9908 -12.8826 42.8735
 505.000000 2.74563 -2.88795 12.3279 11.0015 -31.8719 42.8706
 506.000000 -2.29507 2.94067 -27.5756 40.2594 -2.6112 42.8925
 507.000000 -2.08472 2.78216 -38.0231 39.917 -2.97546 42.9202
 508.000000 3.09217 2.97388 -33.0516 29.1915 -13.7286 42.9203
 509.000000 -2.5407 2.87002 -5.03442 43.1123 0.191963 42.951
 510.000000 -2.09635 2.41988 -29.7358 40.3223 -2.62862 42.9801
 511.000000 -2.06681 2.71086 -18.0723 40.8296 -2.15046 43.0141
 512.000000 -1.80368 2.83098 -22.9988 43.8457 0.831599 43.1153
 513.000000 -1.86979 2.71496 -35.4265 43.1894 0.074065 43.1985
 514.000000 -1.98651 2.17884 -37.6033 42.2254 -0.973133 43.2536
 515.000000 -2.52169 2.88553 -1.6102 43.5461 0.292493 43.2863
 516.000000 -2.63747 2.85129 -14.9872 43.3323 0.0460598 43.3194
 517.000000 -2.27652 2.7422 -29.3824 41.85 -1.46932 43.3549
 518.000000 -2.75198 2.93189 -21.4727 42.0501 -1.30476 43.3849
 519.000000 -2.66797 2.62009 -31.4343 43.7463 0.361357 43.4254
 520.000000 -2.23644 2.67141 -44.2062 42.0599 -1.36552 43.4654
 521.000000 -2.63693 2.69369 -38.3861 44.5424 1.07699 43.514
 522.000000 -2.30175 2.72287 -21.7645 43.0071 -0.506903 43.5627
 523.000000 -2.49865 2.71643 -31.8699 45.4802 1.91747 43.6247
 524.000000 -2.24672 2.61999 -33.2768 43.0834 -0.541318 43.6772
 525.000000 -2.23906 3.00354 -28.8061 43.4063 -0.270872 43.7331
 526.000000 3.00386 2.73115 -28.597 25.2893 -18.4438 43.7321
 527.000000 -2.94687 2.38712 -30.6944 39.1555 -4.57662 43.7515
 528.000000 -2.1072 2.96897 -36.7854 43.276 -0.475529 43.8048
 529.000000 -1.6909 2.5529 -22.5132 46.5002 2.69537 43.931
 530.000000 -2.57015 2.75299 -21.9412 46.158 2.22702 44.0009
 531.000000 -2.99205 2.99243 -33.3564 38.4329 -5.56799 44.0165
 532.000000 -2.72795 2.55214 -11.9699 44.4885 0.471974 44.0754
 533.000000 -2.12408 2.1764 -21.7055 43.7405 -0.334873 44.1314
 534.000000 -3.06193 2.63028 -17.8973 36.6605 -7.47091 44.1424
 535.000000 -2.46048 2.45453 -37.8521 46.6325 2.49011 44.228
 536.000000 -1.96345 2.50111 -39.5251 44.2014 -0.026558 44.2942
 537.000000 -0.33002 0.104771 11.0587 15.9912 -28.303 44.2914
 538.000000 -0.948929 0.501669 -37.2899 40.7662 -3.52519 44.3248
 539.000000 -0.886735 0.240232 -34.8827 39.2429 -5.08189 44.3491
 540.000000 -1.24214 0.5369 -17.8575 47.0834 2.73426 44.4613
 541.000000 -1.17631 0.365553 -38.4888 46.6531 2.19184 44.5626
 542.000000 -2.54043 2.87613 -36.2483 47.2675 2.70494 44.6429
 543.000000 -1.80857 1.85714 -10.5712 45.7121 1.06915 44.73
 544.000000 2.67912 2.82486 12.0688 9.1087 -35.6213 44.7272
 545.000000 -2.57823 2.87864 -30.1432 47.4598 2.73263 44.809
 546.000000 -1.99057 1.91285 -38.3002 44.7447 -0.0643412 44.8702
 547.000000 -2.60453 2.59288 -8.65579 47.5839 2.71371 44.9549
 548.000000 2.90652 2.98119 12.7294 21.4632 -23.4917 44.953
 549.000000 -2.63333 2.65498 -35.5269 47.577 2.62406 45.0409
 550.000000 -2.06444 1.96912 8.84457 44.968 -0.0729624 45.1002
 551.000000 -1.73113 1.98465 -15.7081 47.1952 2.09495 45.2004
 552.000000 -2.17826 2.69229 -35.1984 45.3723 0.171888 45.2687
 553.000000 -0.666951 -0.433765 -13.6809 30.1781 -15.0907 45.271
 554.000000 0.729208 -0.361512 -10.2518 36.5084 -8.76261 45.2713
 555.000000 -0.606363 -0.0457703 -8.06329 27.6483 -17.6231 45.2716
 556.000000 0.0676321 -0.339978 1.39343 14.4767 -30.7948 45.2688
 557.000000 0.346993 -0.518361 18.3248 21.6188 -23.65 45.2662
 558.000000 -1.45962 1.77093 -28.752 48.4292 3.16292 45.3931
 559.000000 1.45205 -0.983209 -16.4222 29.6793 -15.7138 45.3929
 560.000000 1.60478 -0.66573 18.969 18.6629 -26.7299 45.391
 561.000000 -0.276455 -0.486719 24.2499 16.141 -29.25 45.3882
 562.000000 -0.767413 1.89934 20.4686 35.971 -9.41721 45.397
 563.000000 -0.812571 1.12735 -33.3946 38.2333 -7.16372 45.4109
 564.000000 -2.28777 2.77472 -10.2815 46.2951 0.884214 45.4903
 565.000000 -2.72265 -3.12544 -43.1964 46.3196 0.829234 45.5613
 566.000000 -3.01893 2.96863 -27.4885 39.0253 -6.53601 45.5777
 567.000000 3.09911 2.9261 -25.1179 32.4372 -13.1405 45.5809
 568.000000 2.8383 2.6779 -16.5606 18.7945 -26.7864 45.5787
 569.000000 -1.30328 0.585287 -36.4698 48.45 2.87137 45.6864
 570.000000 2.67547 2.97304 -6.70081 10.8083 -34.8781 45.6837
 571.000000 -2.34334 2.57843 -43.2308 47.2786 1.59484 45.7727
 572.000000 -2.5087 2.50801 -30.8662 49.2502 3.47749 45.8766
 573.000000 -2.21467 -2.87211 -36.4002 46.5537 0.677153 45.9554
 574.000000 -2.67105 2.76168 -47.2758 48.1759 2.22046 46.0489
 575.000000 -2.92831 2.85846 -38.66 42.497 -3.55183 46.084
 576.000000 -0.974975 1.92467 -15.3768 43.5699 -2.51408 46.1176
 577.000000 -2.36447 0.536292 -10.6852 48.4964 2.37886 46.2263
 578.000000 0.812486 -0.487129 -11.1067 38.9315 -7.29478 46.2269
 579.000000 0.798341 -0.460505 -28.7603 39.0803 -7.14657 46.2277
 580.000000 0.985307 -0.447194 -27.186 41.8901 -4.33753 46.2307
 581.000000 1.57137 -1.14098 2.79684 21.9552 -24.2755 46.229
 582.000000 1.12924 -0.973869 -24.4199 42.5796 -3.64944 46.2328
 583.000000 -0.361195 -0.411902 -20.5421 18.8577 -27.3752 46.2303
 584.000000 1.54158 -0.89941 -19.0987 24.9501 -21.2802 46.2292
 585.000000 0.0674044 -0.462476 8.27789 15.7906 -30.4385 46.2265
 586.000000 -0.453733 1.62696 7.66577 22.6089 -23.6175 46.2244
 587.000000 -1.14422 1.49764 -34.2171 47.326 1.10165 46.291
 588.000000 -1.02501 1.14465 -39.2625 45.3825 -0.908494 46.3379
 589.000000 -1.52486 1.35879 -13.7294 49.0123 2.6744 46.4418
 590.000000 -1.40139 0.783767 -20.9963 49.5155 3.07371 46.5548
 591.000000 -1.99174 2.4651 -27.951 46.2965 -0.258382 46.6097
 592.000000 -1.63715 2.25618 -37.1917 49.0516 2.44186 46.71
 593.000000 -3.10601 2.73465 -7.89563 37.0816 -9.62841 46.7171
 594.000000 -2.54659 3.02358 0.437653 50.2335 3.51641 46.8177
 595.000000 -2.41655 2.49407 -12.1343 49.7829 2.96519 46.9236
 596.000000 -2.51342 2.42398 -21.5451 50.8394 3.91582 47.0382
 597.000000 -1.83831 2.81967 -31.2074 47.3395 0.301341 47.1029
 598.000000 -2.29202 2.59385 -31.523 48.6121 1.50925 47.1998
 599.000000 -2.06046 2.53838 -21.1579 47.2425 0.0426505 47.2618
 600.000000 2.90498 3.07927 -6.33868 23.8145 -23.4474 47.26
 601.000000 -0.646924 1.24152 6.99863 31.9335 -15.3264 47.2611
 602.000000 0.192547 -1.15016 -12.2753 18.2834 -28.9777 47.2585
 603.000000 1.00584 -0.276934 -24.6923 42.7629 -4.49556 47.2609
 604.000000 1.11648 -0.54784 -30.0266 43.4105 -3.8504 47.2639
 605.000000 0.683318 -0.309362 -24.2197 36.7962 -10.4677 47.2638
 606.000000 0.711227 -0.616478 -13.7178 38.1819 -9.0819 47.2642
 607.000000 1.04305 -0.871714 -7.98361 43.9139 -3.35029 47.2687
 608.000000 1.15272 -0.620596 -40.9029 43.9415 -3.32719 47.2735
 609.000000 0.677125 -0.189425 -20.1784 37.5428 -9.73069 47.2743
 610.000000 0.982237 -0.724736 -33.7911 44.3185 -2.95588 47.2808
 611.000000 1.3896 -1.10432 -9.24048 36.3074 -10.9734 47.2829
 612.000000 0.26577 -0.203199 16.0567 20.8424 -26.4405 47.2804
 613.000000 0.975035 -0.171803 -23.5533 44.6754 -2.60503 47.2883
 614.000000 0.576089 -0.550128 -22.6673 34.0579 -13.2304 47.2884
 615.000000 -1.60331 0.922453 -19.9438 49.792 2.50367 47.3808
 616.000000 -0.11961 1.417 22.5152 16.6533 -30.7275 47.3782
 617.000000 2.83058 2.83901 -12.1879 20.4668 -26.9114 47.3759
 618.000000 -0.484379 2.14942 5.55087 24.9724 -22.4035 47.374
 619.000000 -1.22237 0.945915 -31.8502 49.2682 1.8942 47.4505
 620.000000 -1.06106 0.783193 -27.1555 46.9145 -0.536069 47.4997
 621.000000 -1.36196 0.586919 -23.8062 50.4977 2.99794 47.6044
 622.000000 -1.50921 0.817907 -21.6697 50.6871 3.0827 47.7162
 623.000000 -1.38802 0.943939 -32.2354 51.0805 3.36438 47.8336
 624.000000 -1.23569 0.689351 -39.6663 50.5641 2.73045 47.9339
 625.000000 -1.39772 0.708708 -17.0386 51.6172 3.68329 48.0624
 626.000000 -2.28132 1.29976 -4.6759 48.9885 0.926145 48.1344
 627.000000 -1.27016 1.98925 -33.4317 51.4492 3.31487 48.2487
 628.000000 3.12031 2.49272 -5.00735 35.5675 -12.6812 48.2503
 629.000000 3.13944 2.60822 -14.3394 36.8583 -11.392 48.2529
 630.000000 0.109767 -0.745544 -8.6091 18.6466 -29.6062 48.2503
 631.000000 -1.5709 1.60306 -31.0049 51.3623 3.11199 48.3702
 632.000000 -2.61861 2.67611 -41.9623 50.6 2.22982 48.4431
 633.000000 -2.23936 2.69299 -39.7653 48.9253 0.482173 48.5089
 634.000000 -2.44787 2.89053 -22.6425 51.6711 3.16221 48.5998
 635.000000 -1.80628 2.01749 -23.5494 48.7509 0.151131 48.6668
 636.000000 -3.01418 3.01086 -32.3863 41.8576 -6.80921 48.6783
 637.000000 -0.234532 -0.562502 4.65433 18.7622 -29.9161 48.6757
 638.000000 1.07225 -0.817978 -18.8467 45.5466 -3.12915 48.6803
 639.000000 1.15048 -1.19564 -12.5668 45.4246 -3.25569 48.6851
 640.000000 0.681434 -0.715725 -34.9023 38.9654 -9.71969 48.6861
 641.000000 1.16613 -0.621855 -29.3782 45.5883 -3.09772 48.6918
 642.000000 0.333988 -1.19885 6.9426 24.4597 -24.2321 48.6895
 643.000000 0.851904 -1.18886 -23.6071 44.1793 -4.51026 48.6948
 644.000000 1.38557 -0.644774 -22.3152 37.5257 -11.1691 48.6973
 645.000000 1.30416 -0.689643 -28.1372 42.2636 -6.4338 48.7024
 646.000000 1.54169 -1.18804 -7.42053 26.6802 -22.0222 48.7023
 647.000000 0.709999 -0.221225 0.0483093 40.8188 -7.88355 48.7053
 648.000000 0.670752 0.393056 2.02185 39.7963 -8.90895 48.7077
 649.000000 0.926565 -0.187282 -25.4116 46.2784 -2.42928 48.7177
 650.000000 1.51206 -0.992089 -23.0607 29.7029 -19.0147 48.7186
 651.000000 0.0282195 -1.21167 27.9336 18.9927 -29.7259 48.7161
 652.000000 -1.79314 1.08414 -3.05527 49.2398 0.523691 48.7865
 653.000000 -0.490931 -0.342745 -2.11517 26.2086 -22.5779 48.7846
 654.000000 -0.951625 -0.36115 -24.9152 44.9347 -3.84991 48.8155
 655.000000 -2.44266 2.82613 -36.5022 51.9389 3.12338 48.9037
 656.000000 -2.06523 2.16095 -9.45566 48.4127 -0.490995 48.9544
 657.000000 -3.12931 2.72046 -16.1602 38.2505 -10.7038 48.9576
 658.000000 -2.87407 2.50471 -14.1621 45.668 -3.28958 48.9893
 659.000000 2.75376 2.46405 11.3855 17.1415 -31.8478 48.9869
 660.000000 -2.0381 3.03414 -12.3144 48.654 -0.332871 49.0384
 661.000000 -2.77382 2.60748 -18.0997 48.1766 -0.861794 49.0923
 662.000000 -2.16433 2.63293 -28.2918 49.5265 0.434198 49.1571
 663.000000 -2.6127 2.68999 -12.6836 51.9764 2.8193 49.246
 664.000000 -2.42293 2.73082 -29.545 52.5944 3.34845 49.3507
 665.000000 -2.77317 2.83289 -36.207 48.805 -0.545657 49.4141
 666.000000 3.08661 2.31967 -10.6702 35.9633 -13.4508 49.4159
 667.000000 -1.60949 1.23121 -22.0329 51.7933 2.37734 49.5033
 668.000000 -0.372174 -0.507404 -6.47549 22.86 -26.6432 49.5009
 669.000000 -1.09905 0.101286 -9.61533 49.1703 -0.330597 49.5524
 670.000000 -0.926413 0.950912 -0.672729 44.7764 -4.77607 49.5753
 671.000000 -1.2706 0.897128 -43.9383 52.3498 2.77443 49.6653
 672.000000 -1.62661 0.648664 -27.5544 52.0284 2.36317 49.7561
 673.000000 -1.32584 0.891213 -36.5409 53.0465 3.29037 49.8609
 674.000000 -2.27806 -3.04611 -33.2234 51.0767 1.21583 49.938
 675.000000 -2.94184 2.8453 -26.4026 45.3997 -4.53829 49.9603
 676.000000 -2.55246 2.79731 -14.9846 53.5427 3.58234 50.0562
 677.000000 -3.09635 2.74622 11.0101 41.1247 -8.93155 50.063
 678.000000 -3.00636 2.72258 -18.0659 44.5244 -5.53863 50.0789
 679.000000 -2.70784 2.79352 -35.6017 51.3642 1.28521 50.1574
 680.000000 -2.69574 2.92546 -40.0812 51.936 1.77858 50.2428
 681.000000 -1.90161 2.89861 -10.7341 49.4222 -0.820666 50.2894
 682.000000 -2.99954 2.40977 -12.9263 45.2724 -5.01695 50.3094
 683.000000 -2.18192 2.55785 -23.0541 50.6022 0.292768 50.3756
 684.000000 -2.80677 3.13037 -18.8076 49.9142 -0.461399 50.4378
 685.000000 2.76892 2.88503 -12.4091 18.9875 -31.4503 50.4355
 686.000000 -2.11874 2.91564 -13.3549 50.4582 0.0227174 50.4934
 687.000000 -0.0636517 1.33992 9.8494 19.4486 -31.0448 50.4909
 688.000000 -1.55453 2.49877 -30.6497 53.062 2.57105 50.5776
 689.000000 -2.59898 2.75967 -43.6979 54.2225 3.64486 50.6833
 690.000000 -1.14616 2.10894 -25.119 51.1876 0.504268 50.7392
 691.000000 -1.18125 1.34309 -25.8179 52.166 1.4268 50.8053
 692.000000 -0.951111 1.7991 1.8718 46.3729 -4.43244 50.8316
 693.000000 -0.627926 1.74051 2.39447 33.2781 -17.5535 50.8317
 694.000000 -0.529956 1.41372 7.41507 29.4587 -21.3731 50.8302
 695.000000 -0.551923 1.44027 14.8921 30.927 -19.9032 50.829
 696.000000 -1.37708 1.64128 -33.9325 54.0357 3.20676 50.9263
 697.000000 1.64896 -0.250321 20.3434 18.7498 -32.1765 50.9243
 698.000000 -1.03851 0.136674 -26.4232 49.5565 -1.36773 50.9702
 699.000000 -1.47323 0.46314 -51.0192 54.1147 3.14452 51.0727
 700.000000 1.6575 -0.624729 16.9894 18.7782 -32.2945 51.0706
 701.000000 0.695481 -0.0459832 -50.3628 41.3058 -9.76479 51.0708
 702.000000 -0.341334 -0.042841 -1.80478 23.8091 -27.2617 51.0685
 703.000000 1.35798 -0.872935 3.94809 41.2639 -9.80462 51.0695
 704.000000 0.637594 -0.159251 -5.14484 39.3805 -11.6889 51.0692
 705.000000 1.70371 -1.1716 13.5208 15.9329 -35.1363 51.067
 706.000000 -0.0286866 -0.895356 11.1589 20.4555 -30.6115 51.0646
 707.000000 -0.746681 1.28829 -6.54016 39.9699 -11.0947 51.0706
 708.000000 -0.319454 -0.888172 5.88031 24.1434 -26.9273 51.0683
 709.000000 1.18517 -1.21964 -3.99191 47.1647 -3.90362 51.0719
 710.000000 1.79649 -0.587152 31.8185 10.2305 -40.8414 51.0695
 711.000000 0.418016 -0.693836 14.6401 29.228 -21.8415 51.0675
 712.000000 1.56471 -1.40908 -5.41074 28.5545 -22.513 51.0665
 713.000000 -1.41489 1.62879 -29.3051 54.594 3.52754 51.1754
 714.000000 -1.1864 1.47992 -21.1459 53.4431 2.26767 51.2613
 715.000000 -1.12664 1.74914 -13.5887 52.5506 1.28922 51.3376
 716.000000 -3.07174 2.34015 -24.5214 43.4543 -7.88322 51.3465
 717.000000 -2.38264 2.81565 -38.4716 53.6379 2.29135 51.4285
 718.000000 -2.14581 2.75146 -38.2339 51.1168 -0.311713 51.478
 719.000000 -3.03197 2.70553 -19.0554 45.2519 -6.22613 51.4909
 720.000000 -2.07972 2.4804 -30.0705 50.9288 -0.562117 51.5348
 721.000000 -2.94188 2.91975 -40.999 48.0366 -3.49824 51.5599
 722.000000 -2.65975 2.70534 -36.4671 53.9517 2.39175 51.6418
 723.000000 2.97367 3.06185 -7.94531 31.8704 -19.7713 51.6414
 724.000000 -2.67065 2.64535 -21.6453 54.0426 2.4012 51.7261
 725.000000 -2.07879 2.59886 -35.3302 51.2365 -0.489536 51.7707
 726.000000 2.46383 2.64876 3.06351 4.03271 -47.738 51.7682
 727.000000 -2.08836 2.35714 -37.0893 51.6101 -0.158155 51.8162
 728.000000 -3.03729 2.92066 -29.9217 46.0314 -5.78478 51.8315
 729.000000 -1.62835 2.38865 -6.56635 53.4762 1.64473 51.906
 730.000000 -2.68144 2.72718 -15.6582 54.2017 2.29565 51.9902
 731.000000 -2.05182 2.41861 -10.0814 51.68 -0.310232 52.0352
 732.000000 -1.68055 2.36893 -27.9821 53.1575 1.12225 52.1025
 733.000000 1.82722 -0.291987 21.2303 9.58775 -42.5148 52.1001
 734.000000 -0.527609 -0.114334 -4.43289 31.4764 -20.6237 52.0985
 735.000000 -1.33006 1.3803 -36.3476 55.4129 3.31433 52.1926
 736.000000 -1.02111 1.32706 -22.127 50.1825 -2.01004 52.2347
 737.000000 -1.43578 0.86949 -37.1024 55.6325 3.3978 52.3381
 738.000000 -1.15734 0.894746 -34.4989 54.0576 1.71952 52.4145
 739.000000 -1.33859 1.02887 -42.5316 56.2222 3.80768 52.5239
 740.000000 -1.17307 1.19171 -21.2839 54.8384 2.31452 52.6115
 741.000000 -1.55696 0.573744 -26.5865 55.3425 2.73106 52.7121
 742.000000 -1.78429 2.26016 -29.3872 52.379 -0.333135 52.7687
 743.000000 2.51477 3.11273 42.8477 6.92083 -45.8479 52.7663
 744.000000 0.0462824 -1.35276 18.8022 21.5557 -31.2106 52.764
 745.000000 0.108322 0.710521 8.58337 22.5607 -30.2033 52.7617
 746.000000 1.41893 -0.375018 -0.102417 39.399 -13.3627 52.7611
 747.000000 1.11765 -0.377754 -22.1055 48.3027 -4.45844 52.7628
 748.000000 0.621515 -0.241732 -22.5083 39.4685 -13.2942 52.7617
 749.000000 0.290453 0.243931 -3.1189 25.9216 -26.8402 52.7595
 750.000000 2.82575 2.69379 2.73825 24.1172 -28.6422 52.7575
 751.000000 -3.01602 2.91965 -17.1523 47.1918 -5.56569 52.771
 752.000000 -1.65376 2.2027 -47.3863 54.5922 1.82128 52.8564
 753.000000 -2.41965 2.72062 -35.1964 55.2151 2.35865 52.9294
 754.000000 -2.45005 2.41703 -37.6862 55.8186 2.88924 53.0081
 755.000000 -3.09463 3.08157 -35.7782 44.6451 -8.36298 53.0155
 756.000000 -1.86381 3.13161 -19.7764 52.0724 -0.943025 53.0613
 757.000000 -3.02602 2.55583 -11.2357 47.567 -5.49436 53.0746
 758.000000 -1.4486 2.97688 -20.6567 56.791 3.71634 53.1888
 759.000000 -2.82254 2.89388 -25.7554 52.2269 -0.961899 53.2314
 760.000000 -2.52578 2.98661 -22.7929 56.6129 3.38153 53.3125
 761.000000 -1.64203 2.18432 -39.6628 55.3613 2.04872 53.3978
 762.000000 -2.99425 2.85535 -4.49597 49.0498 -4.34798 53.4156
 763.000000 -0.274442 1.33112 4.00394 24.2936 -29.122 53.4134
 764.000000 -0.201625 -0.87014 -2.83655 23.7881 -29.6253 53.4111
 765.000000 1.4961 -0.681976 7.62851 34.9579 -18.4532 53.4099
 766.000000 1.09679 -0.843473 -19.9187 48.7465 -4.66342 53.4112
 767.000000 0.940364 -0.737766 -14.0342 47.9553 -5.45597 53.4126
 768.000000 0.414556 -0.491012 -9.50385 30.7037 -22.7089 53.4106
 769.000000 1.009 -0.854299 -31.4555 48.9734 -4.4371 53.4126
 770.000000 0.252439 -0.47678 2.49094 26.0908 -27.3218 53.4104
 771.000000 -0.446048 0.0100186 -4.51746 29.7512 -23.6592 53.4084
 772.000000 -0.590668 2.17877 -25.1095 35.2382 -18.1701 53.4075
 773.000000 -1.06482 1.99942 -21.1317 52.4848 -0.922787 53.4617
 774.000000 -1.9319 2.08015 -14.4828 52.2397 -1.222 53.5005
 775.000000 -2.55227 2.79164 -23.7291 56.887 3.38652 53.58
 776.000000 -2.2793 2.84006 -22.8302 54.311 0.73099 53.6434
 777.000000 2.82807 2.84057 13.8623 25.0375 -28.6059 53.6416
 778.000000 2.89742 -3.04886 17.2337 29.6987 -23.943 53.6403
 779.000000 -2.5712 2.7424 -37.3382 57.1705 3.53013 53.7257
 780.000000 -2.06649 2.8634 -31.3599 53.0266 -0.699071 53.7654
 781.000000 2.90537 2.74582 -10.2868 30.7011 -23.0642 53.7642
 782.000000 -1.8815 2.1492 -26.4869 52.942 -0.822125 53.808
 783.000000 2.93677 2.98458 9.93488 33.0352 -20.7728 53.8072
 784.000000 -1.8158 2.10443 -29.3419 53.7112 -0.096 53.8605
 785.000000 0.717549 -0.800238 -31.3274 44.0966 -9.7639 53.8602
 786.000000 0.959151 -0.527449 -24.609 49.0054 -4.85475 53.862
 787.000000 1.10069 -0.767726 -15.1001 49.917 -3.94494 53.8643
 788.000000 0.634103 -0.69821 -18.6143 41.5682 -12.2961 53.8637
 789.000000 -1.17839 1.3035 -38.2021 55.6629 1.79917 53.9358
 790.000000 0.150358 -0.623336 2.71521 25.0277 -28.9081 53.9336
 791.000000 0.18764 0.107632 9.28702 26.1554 -27.7781 53.9314
 792.000000 1.89939 -0.351577 10.9112 6.97899 -46.9524 53.929
 793.000000 1.73485 -0.627799 1.04886 17.5441 -36.3849 53.9268
 794.000000 1.72165 -1.00205 10.1407 19.2387 -34.6881 53.9247
 795.000000 0.935859 -0.889205 -26.1092 49.4306 -4.49415 53.9273
 796.000000 1.16561 -0.696035 -5.50665 49.9195 -4.00774 53.9302
 797.000000 1.46194 -0.491639 -1.15729 38.718 -15.2122 53.93
 798.000000 1.24764 -0.675973 -7.26328 48.7773 -5.1527 53.9327
 799.000000 -0.593041 -0.622727 -2.76297 35.8151 -18.1176 53.932
 800.000000 1.92126 -1.0269 29.529 8.00015 -45.9318 53.9297
 801.000000 -1.75365 0.779868 -32.0045 54.7211 0.791481 53.9932
 802.000000 -0.525051 2.16731 0.588959 33.7681 -20.2251 53.9917
 803.000000 -1.64594 0.577489 -42.7358 56.3256 2.3339 54.0762
 804.000000 -1.01283 -0.231303 -3.97342 51.4107 -2.66546 54.1147
 805.000000 2.23699 -0.813022 17.2722 2.21455 -51.9002 54.1125
 806.000000 1.62268 -0.469291 -20.7804 28.0448 -26.0677 54.111
 807.000000 1.63563 -0.398336 2.58527 27.6416 -26.4694 54.1094
 808.000000 -1.39014 1.14766 -39.6696 57.8366 3.72724 54.2177
 809.000000 -1.53053 0.747241 -16.9872 57.6697 3.45205 54.3251
 810.000000 -1.34936 0.860821 -46.4786 58.235 3.90987 54.4375
 811.000000 -1.35011 1.02046 3.07123 58.49 4.05256 54.554
 812.000000 -1.19333 1.07333 -39.2683 57.0386 2.48466 54.6448
 813.000000 -1.39537 0.859668 -0.049408 58.9419 4.29707 54.7715
 814.000000 -1.07933 0.60683 -28.5572 54.3636 -0.407849 54.8374
 815.000000 -1.45861 0.731905 -18.1534 59.0378 4.2004 54.9677
 816.000000 -0.922653 0.531187 -30.4641 49.0556 -5.91202 54.9971
 817.000000 -1.25533 0.863682 -46.9568 58.9114 3.91429 55.1152
 818.000000 -1.06455 0.618774 -21.8111 54.6042 -0.510936 55.1843
 819.000000 -0.230416 -0.598101 -0.788086 25.6467 -29.5376 55.1821
 820.000000 -0.921988 0.153256 -25.5896 49.6323 -5.54979 55.2155
 821.000000 -0.855268 1.70115 -9.67355 47.3427 -7.87278 55.2368
 822.000000 -0.711525 1.96263 8.02307 41.9219 -13.3149 55.2419
 823.000000 -1.00133 1.85627 -23.7586 53.3345 -1.90745 55.298
 824.000000 -2.64901 2.845 -43.2166 56.5227 1.22474 55.3402
 825.000000 -2.92479 2.05118 -18.2183 51.3444 -3.99586 55.3561
 826.000000 -2.84028 2.99178 -46.7414 53.2202 -2.13596 55.3824
 827.000000 -2.4547 2.74329 -25.4205 57.383 2.00064 55.4343
 828.000000 -2.24761 2.85226 -36.1591 54.8027 -0.631558 55.4727
 829.000000 -2.93068 2.59586 -19.4375 51.8074 -3.66528 55.4909
 830.000000 -2.77026 2.65334 -28.264 55.1446 -0.346275 55.531
 831.000000 -1.99589 2.93058 -1.45724 53.7764 -1.75457 55.5588
 832.000000 -0.933499 0.0799228 -17.7544 51.1919 -4.3669 55.5945
 833.000000 1.83465 -0.0551223 38.2054 14.2587 -41.3358 55.5922
 834.000000 -0.46955 -0.272595 -24.5599 32.9016 -22.6906 55.5906
 835.000000 -1.07686 0.68276 -26.0644 56.29 0.699426 55.6643
 836.000000 -0.625847 0.277106 6.58444 39.3913 -16.273 55.6657
 837.000000 0.548674 0.0228862 0.631073 38.3858 -17.2798 55.6641
 838.000000 0.710642 -0.803343 7.36224 45.3519 -10.3122 55.6636
 839.000000 0.998236 -0.646689 -44.7497 50.8886 -4.77501 55.665
 840.000000 1.01198 -0.540647 -17.2154 51.2958 -4.36929 55.6669
 841.000000 1.26506 -0.485983 -32.3654 49.1142 -6.55266 55.6681
 842.000000 0.269233 -0.0576641 13.342 28.4501 -27.2179 55.666
 843.000000 0.322667 0.413067 2.58051 30.3816 -25.2844 55.664
 844.000000 -0.524543 2.26324 19.9553 35.801 -19.863 55.6629
 845.000000 -1.74215 0.302815 -8.45944 55.9606 0.297722 55.7237
 846.000000 -0.846666 0.183168 -7.69122 48.7179 -7.0058 55.7451
 847.000000 0.807786 -0.247815 -25.7062 48.6979 -7.04715 55.746
 848.000000 -0.338064 -0.375465 19.462 29.5615 -26.1845 55.744
 849.000000 -1.44752 0.936544 -54.9211 59.745 4.00103 55.8679
 850.000000 -0.912899 1.38669 -10.9089 51.4975 -4.37036 55.9024
 851.000000 -1.23422 1.15449 -39.5789 59.9548 4.05242 56.0198
 852.000000 -2.03845 1.56748 -4.67114 54.2542 -1.76561 56.0444
 853.000000 2.50052 3.0927 18.7443 8.38225 -47.6621 56.0422
 854.000000 -2.44348 2.5919 -30.7061 57.8233 1.78112 56.091
 855.000000 2.81482 2.47494 14.3652 26.5666 -29.5243 56.0891
 856.000000 -2.16774 2.92189 -18.0421 55.0228 -1.06629 56.1198
 857.000000 -2.5793 2.82929 -38.0149 58.5934 2.47359 56.1725
 858.000000 -2.58185 2.58319 -16.1792 58.8263 2.65382 56.2284
 859.000000 2.63327 -3.07666 8.95862 16.0648 -40.1636 56.2263
 860.000000 -2.16515 2.73584 -37.68 55.3433 -0.882949 56.2599
 861.000000 -2.27007 2.81496 -38.7986 56.3932 0.133293 56.3063
 862.000000 2.81384 -2.715 18.0511 27.6171 -28.6892 56.3044
 863.000000 -2.9563 3.02844 -27.3008 51.8588 -4.44562 56.3205
 864.000000 -1.79599 2.20644 -30.5175 55.7211 -0.599381 56.3675
 865.000000 -2.61375 2.41395 -28.1109 58.9198 2.55225 56.4271
 866.000000 3.0154 2.67263 -9.64359 39.0755 -17.3516 56.427
 867.000000 -2.35794 3.11502 -30.1356 57.8594 1.43245 56.4866
 868.000000 2.87989 3.04749 -8.23587 32.2504 -24.2362 56.4851
 869.000000 -2.26499 2.47228 2.21014 56.9082 0.423156 56.5368
 870.000000 2.98227 2.91774 -9.49771 38.2051 -18.3317 56.5362
 871.000000 -2.04543 2.24271 2.14111 55.5438 -0.992465 56.5685
 872.000000 -2.16775 2.62171 -2.08176 56.5524 -0.016129 56.612
 873.000000 2.77134 3.01928 -5.70358 26.5675 -30.0445 56.6101
 874.000000 2.69853 2.83997 32.5972 22.3702 -34.2399 56.608
 875.000000 -3.07488 2.59539 12.1331 49.1232 -7.48488 56.6151
 876.000000 -2.75368 2.47032 -21.4456 56.7228 0.107741 56.664
 877.000000 -2.86668 2.60653 -35.9395 54.7225 -1.94148 56.6963
 878.000000 -2.00885 2.42912 -38.0766 55.8119 -0.884396 56.7295
 879.000000 -2.84269 2.93262 -2.39716 55.4575 -1.27191 56.767
 880.000000 -2.87882 2.84801 -9.75543 55.0368 -1.73014 56.8002
 881.000000 -1.39066 0.53044 -16.2953 60.5082 3.70799 56.8988
 882.000000 -1.32256 0.614345 -53.5518 60.8714 3.97262 56.9994
 883.000000 -1.57413 0.875132 -40.3766 59.3879 2.38853 57.0838
 884.000000 -2.28048 2.10491 -10.4166 57.8377 0.753867 57.1381
 885.000000 -1.45576 2.727 -28.6885 60.768 3.6299 57.2406
 886.000000 -2.63227 2.17066 -16.1646 59.818 2.57738 57.3046
 887.000000 -2.38575 3.12563 -13.3534 59.4244 2.11983 57.3724
 888.000000 -2.76303 2.66883 -19.48 57.7668 0.394413 57.424
 889.000000 -1.80055 2.46464 -5.53247 56.5318 -0.892196 57.4665
 890.000000 -2.92129 2.97316 -5.90927 54.7341 -2.73238 57.493
 891.000000 -2.14233 2.56108 -38.9016 57.2715 -0.221439 57.533
 892.000000 2.91919 2.52711 6.22446 36.293 -21.24 57.532
 893.000000 2.43856 -3.10834 29.1865 8.42188 -49.1101 57.5299
 894.000000 -2.01836 2.61467 -26.043 56.6781 -0.851713 57.5628
 895.000000 -2.02441 2.42811 -4.95325 56.9821 -0.580623 57.5974
 896.000000 -0.462235 1.21943 -3.60587 34.4013 -23.1961 57.5957
 897.000000 -2.05329 2.43071 -36.2118 57.4362 -0.159442 57.6333
 898.000000 -3.01142 2.79513 -20.0484 52.6806 -4.95271 57.6484
 899.000000 -0.217466 1.41467 18.3224 27.2021 -30.4463 57.6463
 900.000000 -0.794774 1.79351 -18.546 47.5161 -10.1302 57.6548
 901.000000 -1.03728 1.19507 -32.6909 56.3965 -1.25834 57.6997
 902.000000 -0.793938 0.553247 -23.3057 47.9477 -9.75195 57.7091
 903.000000 0.931129 -1.69962 -18.2955 51.1486 -6.56052 57.7091
 904.000000 -0.706162 0.17351 -23.0888 44.8098 -12.8994 57.7128
 905.000000 1.65715 -0.178256 2.98514 27.1998 -30.513 57.7109
 906.000000 0.622966 0.123006 3.42633 43.1088 -14.6021 57.7097
 907.000000 0.287808 0.0270037 -14.0609 30.108 -27.6017 57.7077
 908.000000 1.16729 -0.198175 -27.8407 51.7436 -5.96412 57.7079
 909.000000 2.01487 -1.25099 31.2333 6.98424 -50.7237 57.7058
 910.000000 1.75104 -0.0446624 32.2013 21.4237 -36.2821 57.7038
 911.000000 1.86841 -0.147329 36.0478 14.8234 -42.8804 57.7017
 912.000000 -0.216167 -0.372706 -1.1095 27.8027 -29.899 57.6997
 913.000000 1.52501 -0.771047 -17.9785 37.7144 -19.9852 57.6983
 914.000000 0.848893 -1.10744 -30.3675 50.4412 -7.25712 57.6984
 915.000000 0.550983 -0.629277 -14.6025 40.5884 -17.1099 57.697
 916.000000 0.227966 1.66996 11.8484 29.4078 -28.2891 57.695
 917.000000 -0.153767 -0.8106 -6.75174 27.361 -30.334 57.6929
 918.000000 0.914465 -0.945343 -6.34366 51.877 -5.81595 57.6936
 919.000000 0.75777 0.00372329 -41.222 49.1096 -8.58398 57.6936
 920.000000 1.40015 -0.729866 -17.3851 45.0063 -12.6873 57.693
 921.000000 0.407037 1.07414 -6.55072 35.1997 -22.4933 57.6912
 922.000000 1.20666 -0.131379 -14.9207 51.9225 -5.76876 57.6922
 923.000000 0.65692 -0.435795 17.7589 46.2322 -11.46 57.6917
 924.000000 1.89213 -0.974224 14.7996 14.4438 -43.2479 57.6896
 925.000000 1.45218 -1.20438 -4.63074 42.9296 -14.76 57.6889
 926.000000 1.46055 -0.75469 -2.6347 42.8514 -14.8375 57.6882
 927.000000 0.536345 -1.06178 11.556 41.3881 -16.3001 57.687
 928.000000 -1.35455 0.668819 -9.41132 61.5413 3.85427 57.782
 929.000000 -1.25373 0.769033 -28.6138 61.4052 3.6232 57.8722
 930.000000 -0.773402 0.579875 -13.8064 47.8489 -10.0233 57.8808
 931.000000 -1.69875 0.962459 -20.9972 58.5156 0.634741 57.9395
 932.000000 -1.29919 1.12228 -13.7958 61.9735 4.03393 58.0388
 933.000000 -0.739665 0.870496 -20.6418 46.8679 -11.1709 58.0451
 934.000000 2.40304 -3.07503 9.76562 8.32162 -49.7235 58.043
 935.000000 -1.88531 2.51519 -7.18915 57.0514 -0.991586 58.0791
 936.000000 -2.70699 3.07641 -18.7649 59.4007 1.32168 58.1301
 937.000000 -1.32205 0.83751 -25.726 62.2727 4.1426 58.2317
 938.000000 -0.81744 2.10342 -14.1825 50.1997 -8.03198 58.2452
 939.000000 -1.37211 1.04435 -45.4745 62.4549 4.20967 58.3522
 940.000000 3.00847 2.65552 -11.8849 41.3976 -16.9545 58.3523
 941.000000 -1.99745 -3.01466 3.49289 57.624 -0.728258 58.3829
 942.000000 -2.601 2.42386 -32.284 61.0872 2.70431 58.4407
 943.000000 -3.10215 2.87253 -12.6672 49.9302 -8.51048 58.447
 944.000000 -2.22211 2.96767 -25.3472 58.8355 0.388496 58.4916
 945.000000 -2.23389 2.59834 -41.0302 59.1391 0.647471 58.5395
 946.000000 -2.97952 2.89119 9.30386 54.4337 -4.10584 58.5554
 947.000000 -2.754 2.87992 -31.2357 59.1943 0.638886 58.6027
 948.000000 -2.26668 2.71152 -35.121 59.5784 0.975725 58.6565
 949.000000 -2.61977 3.03642 -24.597 61.5414 2.88496 58.7224
 950.000000 -2.85278 2.69186 -38.7849 57.7378 -0.984691 58.759
 951.000000 -2.9885 2.78082 -24.7885 54.8407 -3.9183 58.7778
 952.000000 -2.11833 2.6731 -35.8023 59.0944 0.316631 58.8177
 953.000000 -2.6871 3.06294 -43.5236 61.1246 2.30698 58.8824
 954.000000 -2.65342 -3.0117 -35.1529 61.8267 2.94432 58.954
 955.000000 -1.92871 2.79521 -32.024 57.9635 -0.990465 58.9858
 956.000000 -2.82304 2.44435 -22.5058 59.1089 0.123117 59.0339
 957.000000 -2.77636 2.89252 -14.8156 60.25 1.21612 59.0925
 958.000000 -1.84502 2.42141 -23.6764 58.0855 -1.00697 59.127
 959.000000 -2.77528 2.72089 -23.9158 60.5098 1.38278 59.1876
 960.000000 -2.34186 2.96756 -44.1513 60.8755 1.68788 59.2585
 961.000000 -2.44886 2.62954 -44.2912 62.4075 3.14903 59.3437
 962.000000 -2.06548 2.34818 1.18011 59.461 0.117321 59.3815
 963.000000 -2.90705 -3.12872 -21.3796 58.0019 -1.3796 59.4198
 964.000000 2.63774 -3.045 18.239 20.3298 -39.09 59.4178
 965.000000 -2.67123 3.03511 -27.8611 62.7325 3.3147 59.5009
 966.000000 -2.5367 3.00944 -6.62073 63.5789 4.07802 59.5956
 967.000000 -2.22805 2.79462 -36.5663 60.6135 1.01792 59.6557
 968.000000 3.06334 2.52724 -8.35391 45.3466 -14.3091 59.6594
 969.000000 -2.92808 2.74102 -17.0818 57.9752 -1.68423 59.6976
 970.000000 -3.10661 2.84128 11.2897 51.6232 -8.07439 59.7103
 971.000000 -2.91493 2.88124 -23.2925 58.7601 -0.9502 59.7533
 972.000000 -1.78622 2.43859 -21.7518 58.7507 -1.00257 59.7861
 973.000000 2.94205 2.82294 -19.104 39.4845 -20.3016 59.7864
 974.000000 -1.59158 2.53022 -29.7553 60.9962 1.20981 59.8377
 975.000000 -2.78874 2.34626 -38.0587 61.6034 1.76571 59.9075
 976.000000 -2.97013 2.77825 -21.241 57.7379 -2.16959 59.9418
 977.000000 -2.37082 2.94241 -45.5941 62.1901 2.24833 60.0248
 978.000000 -2.00382 2.16518 -16.1667 59.5684 -0.45637 60.0574
 979.000000 2.53158 2.93212 29.968 15.0789 -44.9785 60.0554
 980.000000 -1.62771 2.83964 -27.6981 60.869 0.81361 60.1017
 981.000000 -2.90899 2.22397 -18.2224 59.6356 -0.466115 60.1477
 982.000000 -2.17099 3.01968 -30.083 60.9159 0.768116 60.198
 983.000000 0.0703038 -0.506884 31.7584 27.8081 -32.3898 60.1961
 984.000000 0.384397 0.200186 -8.70367 35.4375 -24.7586 60.1942
 985.000000 0.243107 -0.636122 -7.68939 31.6431 -28.5511 60.1923
 986.000000 -1.25601 1.32267 -29.7834 62.4763 2.28395 60.2445
 987.000000 -0.214372 -0.172997 1.703 29.2036 -31.0409 60.2426
 988.000000 0.531367 0.154996 -38.431 42.1345 -18.1081 60.241
 989.000000 0.41806 0.0651968 -0.983093 37.8614 -22.3796 60.2393
 990.000000 -1.5348 0.0570249 -13.3882 62.1221 1.88287 60.2953
 991.000000 -2.25423 2.76214 -21.4902 61.5572 1.2619 60.3581
 992.000000 -2.70525 2.77882 -32.6011 63.5162 3.15815 60.4421
 993.000000 -2.71644 2.90448 -23.9174 63.5836 3.14152 60.5273
 994.000000 0.581593 -0.20399 -33.9621 44.9345 -15.5928 60.5259
 995.000000 0.806413 -0.996401 -28.0287 51.6317 -8.89418 60.5251
 996.000000 0.094821 -0.597708 -2.40659 29.5576 -30.9674 60.5232
 997.000000 -1.49131 0.947356 -10.9039 62.7264 2.20322 60.5792
 998.000000 -1.43149 0.564602 -31.5621 63.3357 2.75654 60.64
 999.000000 -1.40184 0.60091 -43.5695 63.6703 3.03027 60.7041
 1000.000000 -1.06688 0.488152 -22.5452 58.897 -1.80711 60.7368
