#! FIELDS time rct DeltaF_300 DeltaF_1000
#! SET print_stride  100
                    100                      0  8.653975976238964e-18      10.24247454667593
                    200    -0.5363863529273405  8.653975976238964e-18     -9.460670677405206
                    300    -0.2393825615570958  8.653975976238964e-18     -9.396614351170458
                    400     0.0289296081695473  8.653975976238964e-18     -9.038274105829602
                    500     0.1397827176816169  8.653975976238964e-18      -8.76049454081692
                    600   -0.02572711673243818  8.653975976238964e-18     -9.058914603718867
                    700     -0.276874688157968  8.653975976238964e-18     -9.624349026762307
                    800    -0.6423050615269952  8.653975976238964e-18     -10.50645753167638
                    900    -0.8672118684150969  8.653975976238964e-18     -11.20169067627056
                   1000    -0.9608435291941393  8.653975976238964e-18     -11.64829629828179
                   1100    -0.8697389385619689  8.653975976238964e-18     -11.68578900602233
                   1200    -0.6804294118567602  8.653975976238964e-18     -11.48027717738191
                   1300    -0.4321100052335676  8.653975976238964e-18     -11.08828562246464
                   1400    -0.2909242272793162  8.653975976238964e-18     -10.86972305061401
                   1500    -0.1326612849550574  8.653975976238964e-18     -10.58757408020508
                   1600   -0.08551993146688185  8.653975976238964e-18     -10.50543845613258
                   1700   -0.04180971151737968  8.653975976238964e-18     -10.42862492200202
                   1800   -0.05283634713799876  8.653975976238964e-18     -10.45619147924882
                   1900    -0.1128444967839334  8.653975976238964e-18     -10.58518608758959
                   2000    -0.1376424152399132  8.653975976238964e-18     -10.64793857537887
                   2100    -0.1943977330142992  8.653975976238964e-18      -10.7803656044916
                   2200    -0.1899899300358348  8.653975976238964e-18     -10.79195941306423
                   2300    -0.2252472162231555  8.653975976238964e-18       -10.882878559176
                   2400     -0.196122912240043  8.653975976238964e-18      -10.8425614023753
                   2500    -0.2673213872370936  8.653975976238964e-18     -11.00492434720616
                   2600     -0.366798295982165  8.653975976238964e-18     -11.23144743981632
                   2700    -0.4599726990766136  8.653975976238964e-18     -11.45312326209544
                   2800    -0.4905897504271057  8.653975976238964e-18     -11.55446845365481
                   2900    -0.4205213682504407  8.653975976238964e-18     -11.45058308438358
                   3000    -0.3234825907269046  8.653975976238964e-18     -11.28446087233848
                   3100     -0.278431275713705  8.653975976238964e-18      -11.2151800221155
                   3200    -0.3118522993647234  8.653975976238964e-18     -11.30173829333906
                   3300    -0.3873747352420654  8.653975976238964e-18     -11.47655410017826
                   3400    -0.4622862585001521  8.653975976238964e-18     -11.65477871097064
                   3500    -0.4809821903952031  8.653975976238964e-18     -11.72408867640145
                   3600    -0.4924662488797188  8.653975976238964e-18     -11.77836111581173
                   3700    -0.4975864406946851  8.653975976238964e-18     -11.81942908632405
                   3800     -0.476240275544045  8.653975976238964e-18     -11.80536546150685
                   3900    -0.5297235205603532  8.653975976238964e-18     -11.94231388059252
                   4000    -0.5400582089176871  8.653975976238964e-18     -11.99423103986623
                   4100    -0.5281201902268096  8.653975976238964e-18     -12.00130601820084
                   4200    -0.5408885020689556  8.653975976238964e-18     -12.05556408951649
                   4300     -0.538142345154464  8.653975976238964e-18     -12.07927389163159
                   4400    -0.4957929481437123  8.653975976238964e-18     -12.02219115394857
                   4500    -0.4338576853663839  8.653975976238964e-18     -11.92171499367528
                   4600    -0.3919653086402821  8.653975976238964e-18     -11.85773278399351
                   4700    -0.3489075183428307  8.653975976238964e-18     -11.78959996333765
                   4800    -0.3301275507525818  8.653975976238964e-18     -11.76755912101927
                   4900    -0.3092517712979671  8.653975976238964e-18       -11.740625965351
                   5000    -0.2873721194815115  8.653975976238964e-18     -11.70964469281907
                   5100    -0.3297916739085074  8.653975976238964e-18     -11.80782520510237
                   5200     -0.310813401435595  8.653975976238964e-18     -11.78346163021498
                   5300    -0.3284221584562425  8.653975976238964e-18     -11.83159583625887
                   5400    -0.3759255781792646  8.653975976238964e-18     -11.94098747845398
                   5500    -0.3675767322758425  8.653975976238964e-18     -11.93969973149021
                   5600    -0.3136894945718747  8.653975976238964e-18     -11.84536361545038
                   5700    -0.2698321358124975  8.653975976238964e-18      -11.7687471690663
                   5800    -0.2844090787602717  8.653975976238964e-18     -11.80823592758395
                   5900    -0.3013805986222494  8.653975976238964e-18     -11.85306874482039
                   6000    -0.2988452334197624  8.653975976238964e-18     -11.85916049176882
                   6100    -0.2897492253929194  8.653975976238964e-18      -11.8511322774851
                   6200    -0.2850550655644643  8.653975976238964e-18     -11.85172125125546
                   6300    -0.2846927469433676  8.653975976238964e-18     -11.86092369954459
                   6400    -0.2765731355760869  8.653975976238964e-18     -11.85423681634809
                   6500    -0.2824630305759054  8.653975976238964e-18     -11.87539728098639
                   6600    -0.2650483355277912  8.653975976238964e-18     -11.84938996494758
                   6700    -0.2624967028258783  8.653975976238964e-18     -11.85254431569275
                   6800     -0.258265790035376  8.653975976238964e-18     -11.85245307571299
                   6900    -0.2387465788207462  8.653975976238964e-18     -11.82117660915065
                   7000    -0.2160519768600748  8.653975976238964e-18     -11.78276022898954
                   7100    -0.2052474609676572  8.653975976238964e-18       -11.767413006569
                   7200    -0.2048058122217215  8.653975976238964e-18      -11.7727210685963
                   7300    -0.1979270314168501  8.653975976238964e-18     -11.76484982512711
                   7400     -0.184818002691273  8.653975976238964e-18      -11.7440793300188
                   7500    -0.1744929227053018  8.653975976238964e-18     -11.72847015837212
                   7600    -0.1721149800044723  8.653975976238964e-18      -11.7284705078488
                   7700    -0.1677079119119419  8.653975976238964e-18     -11.72417108151428
                   7800    -0.1647713484013749  8.653975976238964e-18     -11.72280833546828
                   7900    -0.1586484253018971  8.653975976238964e-18     -11.71485908635257
                   8000    -0.1404318569434386  8.653975976238964e-18     -11.68240605998382
                   8100    -0.1137296779943766  8.653975976238964e-18     -11.63227078713598
                   8200   -0.08290877949397049  8.653975976238964e-18     -11.57310700277752
                   8300   -0.06271141251036035  8.653975976238964e-18     -11.53446392032704
                   8400   -0.05962419756657802  8.653975976238964e-18     -11.52969980505518
                   8500   -0.05714142418768453  8.653975976238964e-18     -11.52611852519706
                   8600   -0.05357334329599553  8.653975976238964e-18     -11.52031956512134
                   8700   -0.03596695995127231  8.653975976238964e-18     -11.48618533984787
                   8800   -0.00664271316970046  8.653975976238964e-18     -11.42803050922369
                   8900    0.02111961571414031  8.653975976238964e-18     -11.37234154570863
                   9000    0.04355427150942548  8.653975976238964e-18     -11.32672144983761
                   9100    0.06746035597476756  8.653975976238964e-18     -11.27769391670372
                   9200    0.08729391119806573  8.653975976238964e-18     -11.23629774942742
                   9300    0.08843848045643019  8.653975976238964e-18     -11.23218606939403
                   9400     0.0849030540328444  8.653975976238964e-18     -11.23736628423218
                   9500    0.07269027329520437  8.653975976238964e-18     -11.26018081243346
                   9600    0.07660352982543145  8.653975976238964e-18      -11.2508052087057
                   9700    0.06881719246853027  8.653975976238964e-18     -11.26478478934641
                   9800    0.06561581997600022  8.653975976238964e-18     -11.26986974523404
                   9900    0.06773621261200446  8.653975976238964e-18     -11.26435578948532
                  10000    0.08213812867700199  8.653975976238964e-18     -11.23401944720142
