#! FIELDS time phi psi ene opes.bias opes.rct opes.zed opes.neff opes.nker
#! SET min_phi -pi
#! SET max_phi pi
#! SET min_psi -pi
#! SET max_psi pi
 0.000000 -2.36867 2.64432 -41.4583 -40 -40 1 1 0
 1.000000 -1.69651 2.16136 -30.7511 -40 -40 1 1 0
 2.000000 -1.92567 2.83305 -26.337 -40 -40 1 1 0
 3.000000 -1.61769 2.69299 -39.686 -40 -40 1 1 0
 4.000000 -1.26516 0.918955 -33.2051 -40 -40 1 1 0
 5.000000 -2.39331 2.74254 -35.9641 -40 -40 1 1 0
 6.000000 -2.49001 2.44424 -25.6156 -40 -40 1 1 0
 7.000000 -2.75721 2.56324 -32.5766 -40 -40 1 1 0
 8.000000 -2.6272 2.49473 -28.71 -40 -40 1 1 0
 9.000000 -1.22575 2.00556 -13.8894 -40 -40 1 1 0
 10.000000 -2.02605 2.29373 -22.9979 -40 -40 0.5 1 1
 11.000000 -1.34916 1.68143 -48.1515 -3.21287 -5.95318 0.739291 1.51262 2
 12.000000 -1.97936 -0.0473891 -25.2427 -12.7525 -6.61689 0.492659 1.52687 3
 13.000000 -2.46516 2.42806 -47.2693 -7.0011 -6.68914 0.437152 1.6685 3
 14.000000 -2.78568 2.2783 -40.3771 -2.01576 -5.06383 0.517413 2.50051 3
 15.000000 -1.74454 -2.84412 -28.1907 -11.3227 -5.41475 0.390133 2.53025 4
 16.000000 -1.72734 1.01186 -22.767 -2.28101 -4.73347 0.39696 3.36116 5
 17.000000 -2.02104 2.55834 -38.8714 -2.42273 -4.34294 0.378089 4.19967 6
 18.000000 -2.62776 -2.75889 -23.967 -6.27654 -4.48125 0.330199 4.44858 7
 19.000000 -1.90256 1.29591 -16.7998 0.718704 -3.24701 0.383607 4.73259 7
 20.000000 -1.20935 0.44019 -44.5341 -5.74483 -3.3821 0.340438 4.95779 8
 21.000000 -1.31017 0.448106 -16.049 -2.08199 -3.25418 0.349314 5.74477 8
 22.000000 -1.10914 1.46427 -35.4438 -1.99982 -3.14039 0.345395 6.56914 8
 23.000000 -1.46472 1.78544 -35.306 0.593911 -2.62149 0.40746 7.24956 9
 24.000000 -2.31577 2.87841 -41.5555 -2.62721 -2.62185 0.390335 7.90333 10
 25.000000 -1.66214 1.46044 -11.8922 2.30769 -1.84455 0.476324 7.00451 10
 26.000000 -2.5505 0.423006 -14.8755 -13.6042 -1.9858 0.43311 7.01108 11
 27.000000 -1.70743 -0.666024 -11.7037 -13.8659 -2.11948 0.397093 7.017 12
 28.000000 -2.49198 -3.00312 -40.368 -3.26709 -2.1659 0.403336 7.39289 12
 29.000000 -2.50076 -0.578229 3.56 -16.7121 -2.28724 0.372328 7.39482 13
 30.000000 -2.83926 -0.618309 1.05576 -16.675 -2.4029 0.345761 7.39679 14
 31.000000 -1.15196 2.0228 -28.8169 0.0602931 -2.22659 0.358033 8.36238 15
 32.000000 -1.9208 2.2483 -26.9811 -1.22903 -2.17601 0.357103 9.10986 15
 33.000000 -2.40277 1.28145 -21.5779 -3.00694 -2.20443 0.339835 9.5472 16
 34.000000 -2.39979 1.3406 -15.1816 -0.834253 -2.13517 0.338489 10.3954 16
 35.000000 -1.71413 1.7084 -29.3696 3.00747 -1.5705 0.3891 9.42725 16
 36.000000 -2.4486 -0.635303 -8.10141 -15.0942 -1.6608 0.389095 9.43014 16
 37.000000 -1.07227 0.749689 -19.2937 -3.45837 -1.70537 0.372135 9.71481 17
 38.000000 -1.44177 1.26638 -27.2862 2.31336 -1.39255 0.423846 10.4552 18
 39.000000 -0.793787 -0.555715 -6.90891 -15.6804 -1.47406 0.401553 10.4574 19
 40.000000 -1.52645 0.329042 -22.544 -3.86525 -1.5226 0.399507 10.688 19
 41.000000 -1.29718 0.428387 -25.4914 -1.73281 -1.52871 0.399417 11.1882 19
 42.000000 -2.83943 3.07377 -24.6801 -5.12064 -1.58533 0.381446 11.335 20
 43.000000 -2.19882 2.36444 -28.7148 -1.63846 -1.58683 0.374308 11.8618 21
 44.000000 -2.50236 2.4306 -17.2127 -2.60095 -1.61009 0.37893 12.2466 21
 45.000000 -2.41421 -3.01703 -19.9959 -2.97801 -1.63871 0.379782 12.587 21
 46.000000 -2.22434 2.67755 -18.4401 -0.762964 -1.61125 0.388394 13.2995 21
 47.000000 -2.76335 2.95749 -43.8338 -2.99585 -1.63865 0.389165 13.6473 21
 48.000000 -2.81855 3.01607 -23.7955 -1.75121 -1.6414 0.387897 14.1866 21
 49.000000 -1.6775 2.72382 -21.3139 -3.69576 -1.67577 0.373664 14.4626 22
 50.000000 -1.12207 0.0860743 -37.6484 -2.88434 -1.69869 0.362376 14.8362 23
 51.000000 -2.47449 2.32584 -30.853 -0.71914 -1.67094 0.367236 15.59 23
 52.000000 -1.07158 0.939316 -38.0419 -1.58365 -1.66892 0.367544 16.1827 23
 53.000000 -1.51647 0.812546 -41.4157 0.246771 -1.60568 0.372182 17.1266 24
 54.000000 -1.303 0.207584 -19.7585 -0.903127 -1.5881 0.37403 17.8639 24
 55.000000 -1.11236 0.803821 -56.4367 -0.117844 -1.54585 0.375139 18.7593 24
 56.000000 -1.5725 0.509653 -25.4926 -0.0593112 -1.50386 0.380919 19.6697 25
 57.000000 -2.58798 -3.07099 -46.0626 -1.49747 -1.50373 0.38325 20.3075 25
 58.000000 -2.27776 2.75883 -56.5372 0.024494 -1.46191 0.385731 21.2403 25
 59.000000 -0.927961 2.5124 -27.8684 -5.61003 -1.50187 0.372142 21.39 26
 60.000000 -1.99337 2.77473 -42.2505 -0.806292 -1.48649 0.371649 22.1767 27
 61.000000 -1.29437 2.75327 -35.6946 -6.60312 -1.52784 0.359125 22.28 28
 62.000000 -1.16839 2.15965 -13.4104 -0.991853 -1.51679 0.358769 23.0364 28
 63.000000 -2.60295 -0.223523 -7.34952 -15.7053 -1.5624 0.346415 23.0392 29
 64.000000 -2.2663 -0.233366 -13.9914 -15.3616 -1.60717 0.346353 23.0424 29
 65.000000 -2.62115 0.207624 -32.5464 -14.0348 -1.65101 0.346313 23.0478 29
 66.000000 -2.11993 -0.402398 -19.938 -13.6897 -1.69404 0.346312 23.0541 29
 67.000000 -2.94761 -1.63893 2.33859 -28.5495 -1.73668 0.334769 23.0541 30
 68.000000 -2.55303 -1.86277 -10.5628 -21.6938 -1.77859 0.323971 23.0543 31
 69.000000 -1.69586 2.78547 -40.9117 -2.1628 -1.78443 0.324418 23.592 31
 70.000000 -2.395 2.00341 -34.6255 -1.08743 -1.7715 0.322528 24.3395 32
 71.000000 -1.26712 2.62226 1.83209 -3.03067 -1.78724 0.323593 24.747 32
 72.000000 -2.55511 2.45762 -23.6038 0.308255 -1.73645 0.324344 25.7333 32
 73.000000 -1.90114 2.32359 -14.7577 -0.194179 -1.70382 0.325812 26.6584 32
 74.000000 -2.21604 2.21156 -14.7542 0.544325 -1.64914 0.328738 27.658 32
 75.000000 -1.29085 2.49301 -46.58 -1.11785 -1.64032 0.331099 28.414 32
 76.000000 -2.69367 2.66171 -31.7434 0.136399 -1.60251 0.336158 29.3891 33
 77.000000 -2.36216 2.97287 -14.709 0.368187 -1.55938 0.344147 30.3839 34
 78.000000 -2.29231 2.86144 -50.4136 1.82798 -1.45852 0.338612 30.9761 33
 79.000000 -1.7611 2.03498 -10.2765 1.06325 -1.39784 0.347934 31.9431 34
 80.000000 -1.05593 -1.01549 -2.25739 -20.6377 -1.43271 0.337995 31.9435 35
 81.000000 -2.19628 -2.7248 -22.7616 -4.97857 -1.45877 0.329685 32.1418 36
 82.000000 -1.6665 2.43772 -46.1048 -0.253146 -1.43791 0.332272 33.0513 37
 83.000000 -2.38429 1.49823 -30.0233 -2.03158 -1.44496 0.332671 33.6222 37
 84.000000 1.29209 -0.889646 -35.8137 -40 -1.478 0.323916 33.6222 38
 85.000000 1.12532 -0.83124 -37.5181 -38.3533 -1.51061 0.315611 33.6222 39
 86.000000 1.09132 -0.418381 -26.4447 -38.684 -1.54279 0.30772 33.6222 40
 87.000000 0.863248 -0.642611 -12.0618 -38.2295 -1.57457 0.300215 33.6222 41
 88.000000 0.93074 -1.08499 17.1556 -37.9268 -1.60594 0.293067 33.6222 42
 89.000000 1.0615 -0.720931 -22.6208 -34.7639 -1.63693 0.293067 33.6222 42
 90.000000 1.2649 -1.12781 -27.8637 -36.1552 -1.66753 0.286252 33.6222 43
 91.000000 0.81083 0.253438 -10.1152 -39.9867 -1.69777 0.279746 33.6222 44
 92.000000 1.03815 0.134778 -15.6308 -38.5734 -1.72764 0.273529 33.6222 45
 93.000000 1.1936 -1.0326 -33.5363 -32.9026 -1.75716 0.279746 33.6222 44
 94.000000 0.990655 -1.26466 -28.5349 -33.2358 -1.78633 0.279746 33.6222 44
 95.000000 1.09744 -0.147374 -8.32773 -36.0648 -1.81517 0.273529 33.6222 45
 96.000000 0.97054 0.216005 -16.5836 -35.1682 -1.84368 0.273529 33.6222 45
 97.000000 0.920057 -2.00999 -12.8413 -39.757 -1.87186 0.267583 33.6222 46
 98.000000 0.676408 -0.841126 -25.4398 -36.4019 -1.89973 0.26189 33.6222 47
 99.000000 1.22308 -0.476426 -29.7131 -33.407 -1.92729 0.26189 33.6222 47
 100.000000 1.09746 -0.801206 -14.8916 -30.2215 -1.95455 0.26189 33.6222 47
