#! FIELDS time phi psi sigma_phi sigma_psi height logweight
#! SET action OPES_METAD_kernels
#! SET biasfactor       16.03631422818644
#! SET epsilon   3.735422218159802e-08
#! SET kernel_cutoff       5.848558777694301
#! SET compression_threshold                       1
#! SET min_phi -pi
#! SET max_phi pi
#! SET min_psi -pi
#! SET max_psi pi
                     10     -2.026045424055339      2.293734750032031     0.5129772026935179       0.61038491506961  1.085218736861434e-07     -16.03631422818644
                     11     -1.349156573169338       1.68143158739008      0.458089170547698     0.5447859651922378     0.3460405182116692     -1.288063868492603
                     12     -1.979361177126568   -0.04738910610719893     0.4412600463332678     0.5450450410830535   0.007838017442187151     -5.112587858712156
                     13     -2.465158365854601      2.428062295961711     0.4198077086149362     0.5227558623362837    0.08617416951718856     -2.806794797483761
                     14     -2.785683837377853      2.278296745378599      0.379200970575533     0.4719855790904317     0.7797149828570182    -0.8081333865741408
                     15     -1.744543267172456     -2.844120325198201     0.3676770113955146     0.4558269853057565    0.01995370004111577     -4.539343817604747
                     16     -1.727343890708229      1.011861144540328     0.3419795810634705     0.4349959974431344     0.8434615380461505    -0.9144744316918622
                     17     -2.021037934008904      2.558343654773064     0.3212870998076737     0.4078746199934598     0.9045987647069693    -0.9712901651057765
                     18     -2.627761433134223     -2.758887561786845     0.3104016183156152     0.3933837639866536     0.2070813444654476     -2.516312274598389
                     19     -1.902561020890631       1.29590967785617     0.3006983937875088     0.3804550865846366      3.650920968008263     0.2881340204596478
                     20     -1.209353091933276     0.4401898994506572     0.2927699738860877     0.3807710291092842     0.2807165373480283     -2.303145749211681
                     21     -1.310169693700926     0.4481059730217174     0.2797664636347935     0.3670713841520027      1.323295102350986    -0.8346848673903007
                     22     -1.109137229577763      1.464274077991378     0.2681247722468805     0.3519649858261185      1.488236494299767     -0.801745319219359
                     23     -1.464716335927392      1.785443618000256     0.2585526789811074     0.3411828160199638      4.503734465829944     0.2381035290815907
                     24     -2.315768936142629      2.878411413627175      0.250460378796436     0.3304857670765259      1.319413994513406      -1.05326928860494
                     25     -1.662143777291709      1.460436007298721     0.2515231682704138     0.3314830600534772      9.472400004403932     0.9251728043655156
                     26     -2.550496889503616     0.4230059528607537     0.2470061500950088     0.3314826372324068    0.01636377193362909     -5.454018064883599
                     27     -1.707430223754516    -0.6660240184984603     0.2430258937204407     0.3319906845585551     0.0149521394788277     -5.558947290446013
                     28     -2.491982336899593     -3.003116065723273     0.2377681744520934     0.3274313659903185      1.085397821634657     -1.309800134823176
                     29     -2.500761049975729    -0.5782288093418471     0.2343072775596056     0.3257326619796343   0.005049912936805186     -6.699995196689349
                     30     -2.839259456688427    -0.6183092679942757     0.2320158593161357     0.3310080864140405   0.005093526426438848     -6.685157656058028
                     31     -1.151957582328225      2.022802617818371     0.2243466227347236      0.321346164158037      4.449457084391834    0.02417198291671416
                     32     -1.920795776835338       2.24829624870044     0.2185576558206196     0.3147013292250825      2.781308407439784    -0.4927259704149971
                     33     -2.402771339032912      1.281450732798875     0.2142736525435669     0.3096998915020802      1.413344704206166     -1.205504605221554
                     34     -2.399791651461696      1.340599028616294     0.2082768563783909     0.3039465776780237      3.540055554737055    -0.3344587061356814
                     35     -1.714134520175818      1.708401445305417     0.2092896501507675      0.306894108157431      16.27802515886832      1.205716674235787
                     36     -2.448595122224199    -0.6353031572471712     0.2070235480592872      0.305677928849445    0.01165026129754911     -6.051383413308991
                     37     -1.072274522248218     0.7496887490238802     0.2038974628550438     0.3010711329236213      1.274904510915094     -1.386486240502552
                     38     -1.441767866799665      1.266375556680048     0.1995481522292256     0.2942285376363287      13.48199521776719     0.9274461675874813
                     39    -0.7937871363702378    -0.5557150324409745      0.198080698779574     0.2926408174603311      0.010054882228946     -6.286397789380853
                     40     -1.526445920460044      0.329042486061093     0.1955646316530667     0.2884003747838704      1.178769680324181     -1.549609438988807
                     41     -1.297176671408502     0.4283867802211319     0.1925435810035327     0.2844765413576192      2.853795780334063    -0.6946980378514743
                     42     -2.839426188267038      3.073774722767724     0.1902615255770741      0.282442345547929     0.7479202128385865     -2.052906270857798
                     43     -2.198816491391726      2.364443468909883      0.187651110821537     0.2799040547348851      3.090769904802839    -0.6568697681610245
                     44     -2.502360067376579      2.430597132425325     0.1853698388803415     0.2771754644285644       2.14808311489276     -1.042741736381415
                     45     -2.414213307653171     -3.017032551475496     0.1832660321625287     0.2750102064464438       1.88262571471696     -1.193906820778067
                     46     -2.224344825524401      2.677546941375297     0.1802067483048642     0.2712419202915369      4.717726707133562    -0.3058783515163331
                     47     -2.763349991101099      2.957487486993927      0.178108748434654     0.2684340242295735      1.970447482621528     -1.201061176724935
                     48     -2.818550472839161      3.016071637193042     0.1755528088378843     0.2649583290864567       3.33588162956997    -0.7020718474439498
                     49     -1.677496303980266      2.723816254589877       0.17362576063087     0.2623320030462774      1.562286299152003     -1.481657920724506
                     50     -1.122074785642206    0.08607427049823535     0.1716782654984008     0.2618219268116929      2.191705861609802     -1.156354363554059
                     51     -2.474489108653384      2.325842136865265     0.1690895786674174     0.2581878152329559      5.375740495199207    -0.2883090732037766
                     52     -1.071580304095531     0.9393160688712019     0.1669882023079564     0.2550468329586475      3.896398979496769    -0.6348981761406174
                     53     -1.516472163089891     0.8125462916554245     0.1645766589082756      0.254062315290848       8.26721627431653    0.09893257690339734
                     54     -1.303000758764403     0.2075838932834486     0.1624272079841508     0.2506099509187136      5.355492990782166    -0.3620708541369106
                     55     -1.112356871191438     0.8038214833147261     0.1599383410387353     0.2478028600298974      7.535722988260146   -0.04724465475367406
                     56     -1.572503367910993     0.5096527958035715     0.1576220733535877     0.2439447765481976      7.951820507243488   -0.02377831806643452
                     57     -2.587983886982798     -3.070990787382962     0.1557356449543021     0.2411594484524327      4.573842186491013    -0.6003494107033593
                     58     -2.277763209366379      2.758832037014105     0.1538308271528305     0.2383812208382557      8.622857515893573   0.009819845992465772
                     59    -0.9279612029923356      2.512403692811036     0.1530612546935386     0.2368600946353484     0.9111114767721401     -2.249103490312732
                     60     -1.993366503923484      2.774729098538205     0.1513605217331677     0.2342455098680987      6.391941730110836    -0.3232489187222425
                     61     -1.294370833481769      2.753268162350678     0.1502466353391869     0.2327810101184057     0.6342580206356027     -2.647244430596582
                     62     -1.168393678032941       2.15965149775084     0.1483973692755804     0.2299868744667633      6.164233586094658    -0.3976416611265801
                     63     -2.602949985710972    -0.2235233491802306     0.1475359972027237     0.2296583405651231    0.01703089597424528     -6.296382566786143
                     64     -2.266296252274089     -0.233365575348635     0.1465232987925221      0.229446881897514    0.01969997402090142     -6.158603274913096
                     65      -2.62114803350494     0.2076242136457216     0.1455631395855871     0.2292613669846269    0.03378216573575551      -5.62667093807072
                     66     -2.119927951313096    -0.4023984661759488      0.144646618789934     0.2283607791998749    0.03919476717221818     -5.488312948480273
                     67     -2.947606921384424     -1.638925231852434     0.1441527105630708     0.2309104142428108  0.0001006067429691071     -11.44570954533469
                     68     -2.553034894061604     -1.862772877560827     0.1436291359915621     0.2340360716322352   0.001556079390088254     -8.697197360118755
                     69     -1.695863768979712      2.785469990961809      0.142392997235068     0.2332595485652159      3.960999076371808    -0.8670824337212349
                     70     -2.394995177436443      2.003407102245063     0.1410712409960024     0.2319927506637332      6.186626281124036    -0.4359602632187435
                     71     -1.267116961957464      2.622256611575417     0.1400811015140481     0.2312566067501708       2.86782002313054     -1.215019651708629
                     72     -2.555113209607324      2.457621795036265     0.1386341005003293     0.2294025436957105      11.14049493430027     0.1235817308804019
                     73     -1.901137307969059      2.323589602267711     0.1371755767365262     0.2271172433423189      9.297498532245218   -0.07784786524760488
                     74     -2.216036418036862       2.21155706136948     0.1356436370742092     0.2249200129470405      12.76579948484643     0.2182243356373767
                     75     -1.290851870270326      2.493011253625336     0.1344640593222835     0.2231763661764458      6.665256977416298     -0.448153522029486
                     76     -2.693673554087019      2.661710426410079     0.1331334250707902     0.2210815014960436        11.235982653772    0.05468328923246775
                     77     -2.362161532638971      2.972872394643959     0.1317900419121143     0.2190704447916469       12.5701777221976      0.147609253426681
                     78     -2.292306770594706      2.861435436292079     0.1307659307909785     0.2174208045769634      22.91816018850325     0.7328519059267071
                     79     -1.761104797306931      2.034984587200847     0.1294659278725751     0.2152897553128056      17.20470176868228     0.4262639501626093
                     80      -1.05593417309539     -1.015490919148224     0.1292400988048097     0.2159226406984765   0.002862402456593083     -8.273823199060169
                     81     -2.196276969169629      -2.72479939686661     0.1287649202867776     0.2157963756640786      1.531197408904479     -1.995947590294123
                     82     -1.666495480585297       2.43771595481428     0.1282572693413151     0.2136813206018032      10.32232545193269    -0.1014883344732491
                     83     -2.384294245129571      1.498230621623076     0.1277501412161218     0.2121817510765676      5.115762919230878     -0.814475216281908
                     84      1.292094693032722    -0.8896459691418199     0.1304713257130449     0.2132719581217882   1.22115364142794e-06     -16.03631422818644
                     85      1.125322127052904    -0.8312397788786656     0.1365054257218885     0.2145365724602348     2.245318450592e-06     -15.37613992664706
                     86      1.091319639006901    -0.4183812463853975     0.1422443238345734     0.2154705006871754  1.878983857592786e-06     -15.50873056281072
                     87     0.8632482793697616    -0.6426110662463609     0.1463998083528977     0.2164012828170019  2.181116305715985e-06     -15.32651929413786
                     88     0.9307400999801745     -1.084990173000486     0.1497048091188642     0.2173104234887865  2.398140598225875e-06     -15.20514591752629
                     89      1.061503082054409    -0.7209308209357439     0.1522738857720777      0.217325892343938  8.378132960307256e-06     -13.93712796707552
                     90      1.264903391471761     -1.127805638352636     0.1541161725269397     0.2177679321355878   4.72945055550536e-06     -14.49488619063109
                     91       0.81082990137579     0.2534375557489712      0.155274141816976      0.217474427947678  1.011636394447306e-06     -16.03098917931299
                     92      1.038149701962926     0.1347775290376578     0.1560533976049201     0.2173705615605205   1.77473197117984e-06      -15.4643806696193
                     93      1.193598213095852     -1.032600238488711     0.1565580752830621      0.217100166246301  1.720368278411772e-05     -13.19092252601215
                     94     0.9906554326272197     -1.264664583916075     0.1567965020385319     0.2163723215808423  1.508052752944238e-05     -13.32447809603772
                     95      1.097443315656095    -0.1473740350668025     0.1567835037751921     0.2154488970640096  4.872386989851302e-06     -14.45865827376304
                     96     0.9705402914703143     0.2160053048339527     0.1566251739779525     0.2145718555252153  7.015380535946133e-06     -14.09922671893261
                     97     0.9200566785854694     -2.009986809337167     0.1563936305950663     0.2146383760809157  1.115845095149155e-06     -15.93888908093552
                     98     0.6764084060099709    -0.8411259621545777     0.1559974092520233     0.2138909529434758  4.308979808131576e-06     -14.59382498226114
                     99       1.22308200321352    -0.4764256021824975     0.1556258517359948     0.2145407583243775  1.430726140637328e-05     -13.39311019906428
                    100      1.097457529361903    -0.8012055986110207     0.1552072341552358     0.2136617036160129  5.165751615262717e-05     -12.11604100981867
