#! FIELDS time rct DeltaF_-3.14159 DeltaF_-2.74889 DeltaF_-2.35619 DeltaF_-1.9635 DeltaF_-1.5708 DeltaF_-1.1781 DeltaF_-0.785398 DeltaF_-0.392699 DeltaF_0 DeltaF_0.392699 DeltaF_0.785398 DeltaF_1.1781 DeltaF_1.5708 DeltaF_1.9635 DeltaF_2.35619 DeltaF_2.74889
#! SET print_stride  100
                    100                      0      5.642857470873568      12.21459965262848      26.33092002586149      49.21402786639584      71.32658710686864      47.35991150191377      25.08349877885409      12.15532242617142      7.378484973602185      4.962885751955478      3.484646338875486      3.431788817380453      5.623498897065294      7.163986904353456      5.517859437857924      4.061641521378524
                    200     0.2242660272246463      17.36375231683139      21.62080694544021      19.93024245232429      14.62910413370737      8.281514254382195      3.525309404485871      1.606375736096385      2.554901800027216      5.876592982832558      12.14599161222779      14.41374383331424      15.14674915172445      17.35939196902079      18.89992687463682      17.25379940871654      15.79756538248825
                    300     0.7689073337582637      19.33282217956555      21.69924482489882      19.65131061715089      14.08901839096287      8.030660783489607      3.289974417713558      1.579069344449231      2.775761972829892      5.939248457560716      11.43403071533803      15.67462174822735      17.27154897442846      19.61296335731301       21.1611250448797      19.51497951494438      18.04953639936666
                    400     0.8733599859753121      20.36430861894531      22.33206135728073       19.5046410948491      13.71228476857172      7.687201019650881      3.119793955028177      1.710589435558404      2.842628634884821      5.686039547539779      11.12085775719767      16.19198941152082      18.36981702132212      20.72463200575316      22.27280504453931       20.6266435476206      19.15699275633196
                    500     0.9519725630623566      21.10968285583604      22.35632402822575      19.32829948776607      13.60570158870612      7.777570470424721      3.201647814802892      1.699298628777846       2.75928448834919       5.72768194219287      11.19418328310392      16.53746609964244      19.11203970163038      21.51842120188631      23.06692155416248      21.42075950466965      19.95054043516921
                    600     0.8784171877066573      21.49276679328938      22.07720780322081      18.83335421320404      13.47011166497274       7.79696929362373      3.261166882791535      1.696175672341294      2.699192979186037      5.806472357897745      11.07429892018727      16.37630503681886      19.55408229654219      22.00014217197196      23.54871741341071      21.90254922709905       20.4299510463484
                    700     0.9182704010796169      21.93684300928906      22.07341527397465        18.664062407911       13.4698159184591      7.733176202675116      3.345524679415526      1.653521995974977      2.692658717645797      5.862540129793929       10.9530512534891       16.5799380189467       19.9794790483017      22.48940449268887      24.04250506392546      22.39634406242529      20.92340092901721
                    800     0.9557424960931139      22.30631580189717      22.13268843781811      18.55929900232313      13.43463450454034      7.747227437915523      3.328747435446691      1.601432717263391      2.786802712775407      5.849657660369449      10.98133760187235      16.65522430957712      20.36813450254286       22.9105805437401        24.463888171508      22.81772403482706      21.34339322231933
                    900      1.090016692471813      22.76339088323298      22.37593175315397      18.75510940507108      13.71115773027419      7.827674432444073      3.287358483078007       1.58819041981876      2.801188567908373      5.932391286790073      10.99344302933771      16.95762934372362      20.83007483542567      23.37747718883342      24.93079007297356      23.28462593432544      21.81027871536067
                   1000      1.132440979518905      23.05761590123684      22.44359206958418      18.86052336737843      13.83418798957494      7.761324519634602      3.267484067864007      1.633838428716818      2.755992330532428      5.902206933156121      11.01711352703795       17.1613549936551      21.15512096223234       23.7133275996354      25.26665873346759      23.62004010950551      22.13388577682236
                   1100      1.138641868049626      23.22013079312525      22.52106279288477       18.8725889578725      13.92710249108859      7.777154983832922      3.233362017781069      1.657626828486805       2.72456479043537      5.964899457082272      11.06317857811139      17.18805810947734      21.29621394918232      23.96745821902327      25.53531079837553      23.88871931899903       22.3956757101002
                   1200      1.103615657701005      23.36286582094584      22.53064848347936      18.78626944206739      13.85252133246091      7.741621782739395      3.253493495640836      1.679988800426221      2.703183255497692      5.890719184650069      10.98373773051971      17.20243112662248      21.46390396508133      24.16969802699474        25.737793804746      24.09102449740719      22.58789331814183
                   1300     0.9038795926080777      23.11008910903001      22.50204704381086      18.80190555216143      13.86371775281496      7.726087721515463      3.255660835046431      1.680794481505901      2.703083573857279       5.89030070647769      10.97065174678199      17.17949501221429      21.19732938745209      23.86556185384876      25.40957925770867      23.67727140256441      22.17073065358719
                   1400     0.7046246937413625      22.84177971438827      22.48764284789489      18.80213172530806      13.86395671573466      7.726326684628446       3.25589979815941      1.681033444618883      2.703322536970177      5.890539654394574       10.9707465619742      17.12532309315631      20.85937533003297      23.56543153235189      25.00785453512521      23.16373645395251      21.75620729373581
                   1500     0.5202043998164713      22.58870621534282      22.47411022825283      18.80241305805077      13.86424985831838      7.726619827396737      3.256192940927698      1.681326587387174        2.7036156796848      5.890831528196538      10.96951073320234      17.04204843398666      20.70232049453908      23.32967099375375      24.57139044756611      22.57372747496253      21.22261341784314
                   1600     0.3485630433555261      22.40543429062448      22.44753843897329      18.80166929986085      13.86458067507198      7.726951367732019      3.256524481269366      1.681658127728822      2.703947217988189      5.891151956115874      10.96673507093322      16.97365783549851      20.35188907486777      22.85167860764393      24.08109201196774      22.15651713721084      20.93748762235002
                   1700     0.1880028491784434      22.12652886852707      22.40781162314956      18.80183991994849      13.86489753887886       7.72726824404756      3.256841357584925      1.681975004044381      2.704264094301602      5.891468722841896      10.96677196441263      16.93859328291394      20.13055365408389      22.55563393368853      23.64028179518239      21.55250135573809      20.55031416320677
                   1800    0.03732220672684873      21.90424799265961      22.39547376334239      18.80228085266787      13.86534359181055       7.72771429701243      3.257287410549796      1.682421057009182      2.704710141765804      5.891893449712914      10.96292447654215      16.84520677528846      19.78878851483629      22.05398185944732      23.19500683707896      21.14528810601563      20.27650128295727
                   1900    -0.1045767343587622      21.66725016661795      22.34919625117875      18.80220752192436      13.86593546766402      7.728306334756512      3.257879448294439      1.683013094753605      2.705302166247926      5.892440510441368      10.95412750587267      16.68843483166744      19.54576547845221      21.79610020680767      22.65328097502202      20.66917181644302       19.9450290301187
                   2000    -0.2388545097642436      21.31646594566031      22.32288302036323      18.80268985334288      13.86644676239063      7.728817630065279      3.258390743603205      1.683524390062371      2.705813461475266      5.892950242617187      10.95312495676958      16.62760622815343      19.38151799532147      21.43603115941755      22.27614778274673      20.20023267401184       19.4541933735248
                   2100    -0.3660941066211355      20.84930832787786      22.26947939534523      18.80306352970596      13.86708437298593      7.729455278230598      3.259028391768598      1.684162038227765      2.706451109552833      5.893585972107365      10.95149971215831      16.51403512894146      19.18737539222986      21.20331960284728      21.93252794166645      19.76756588894411      18.99493637709202
                   2200    -0.4870041024283545      20.53020401745379      22.23140997069221      18.80375789820394      13.86781421368087       7.73018511952648      3.259758233064475      1.684891879523644      2.707180950822458      5.894314897881922      10.95068047622016       16.4135575910448      18.88454494883579      20.90007110472918      21.60785383376917      19.30077558272784      18.55399553372166
                   2300    -0.6019015780455661      20.13855205552133      22.14585649047935      18.80378083743819       13.8688990734542      7.731270356692254      3.260843470232294      1.685977115609789      2.708260609423157      5.893943144707016      10.93172420617916      16.32826312600484      18.75453952510173      20.66706753552322      21.23009862812928      18.81406667448429      18.07248473310016
                   2400     -0.711702436789152      19.70251126761775      22.06993509440252      18.80292939146528      13.86992504997466       7.73229797853012      3.261871092090087      1.687004737467547      2.709288227944979      5.894953288689873      10.92736799259661      16.22663574899817      18.62576341659342      20.40778720173317       20.9981813245243      18.33153018560967      17.50209900710707
                   2500    -0.8167834557180974      19.38353063722992      21.96959982246016      18.80367722333981       13.8709569456024      7.733329886999691      3.262903000559668      1.688036645937128      2.710320136412433      5.895985020306104       10.9275878565887      16.09267785246153      18.14094636373627      20.04679734100102      20.65774757418101      18.08984126262076      17.19172780495023
                   2600    -0.9173282066433284      19.05658589781728      21.86963543443872      18.80392183291191      13.87219430403208      7.734567463548096      3.264140577108772      1.689274222486224      2.711557711329615      5.897207767350108      10.92165915224947      15.94163626622638       17.9933625606463      19.78585782527347      20.15273832633186      17.68457824871459      16.80682823605835
                   2700     -1.013799093687188        18.922620177659      21.78056255120124      18.80486340543176      13.87351478242746      7.735887961764369      3.265461075325055      1.690594720702509        2.7128782095378      5.898527777336469       10.9214130673262      15.74522262153651      17.25234456002593      19.19399357796526      19.87880021375415      17.56281960359181      16.66904180718356
                   2800     -1.106192318147723      18.68467944775133       21.7075833665619      18.80641921478973      13.87522319747328      7.737596381377763      3.267169494938453      1.692303140313037      2.714586538835077      5.900090513407842      10.90921765684572       15.5475631388946      16.97605599634274      18.86329839535504      19.51274586828592      17.11194834827188      16.33201341063441
                   2900     -1.194966590651523      18.52378531668746      21.62287181073669      18.80679808819936      13.87712833425969      7.739502351098144      3.269075464665362      1.694209110039947      2.716492508499432        5.9019943826501       10.9065675648263      15.20033895046934      16.38226607745528      18.47053923418945      19.13554596549866      16.92845772723412      16.19797830532238
                   3000     -1.280469890642625      18.11868924348614      21.44724243459356      18.80781271525348      13.87912382517606      7.741497982250435      3.271071095818022      1.696204741020289      2.718486495343061      5.903197913000598      10.88930109201245      15.06367088778397      16.12407076807687      18.12133694979279      18.77215686063282      16.67945854406321      15.87847526333624
                   3100     -1.362844970727209      17.64945466802892      21.34167064016607      18.80974297325591      13.88128202554415      7.743656195382044      3.273229308949644      1.698362954151913      2.720644708371095      5.905353172914102      10.88731359767032      14.95108696121342      15.98157266864408      17.81543979005909      18.49386528562341      16.29736115283321      15.40430162417058
                   3200     -1.441678864496436      17.30533137035952      21.13464311707862        18.809727628324      13.88420918991421      7.746584415253209      3.276157528827365      1.701291173146878      2.723566611103632      5.905998477404163      10.84998693346179      14.81267980430116      15.77939201660255      17.57365586166883      18.21761050119836      15.86694936818668      15.02381766029102
                   3300     -1.517866637629844       16.8041949355573      20.97308478868772      18.81237818850737      13.88718828048571      7.749563514052567      3.279136627626731      1.704270271919145      2.726545235081347      5.908525411790601      10.82632782107801      14.64686697868487      15.52331662313636      17.32953909855445      17.92331393344015      15.65529880846495      14.62255485569406
                   3400     -1.591169611522605      16.62459330852148       20.8975873158117      18.81563258556301      13.89061662999729      7.752991867435148      3.282564981009314      1.707698625301724      2.729973587660457      5.911939638825222       10.8152308814883      14.26693993789595      15.00441753323588      16.87534509858236      17.68120198969898      15.43204203165345      14.45426325925794
                   3500     -1.661700788299585      16.36547054211255      20.75258398320729      18.81914420657075      13.89452662107353      7.756901868922302      3.286474982496468      1.711608626787631       2.73388353152339       5.91568802899721      10.78585151269714      14.00813957731307      14.72141559309109      16.61708004145137      17.36219785628457      15.06612408918046      14.12782228158176
                   3600     -1.729009389887047      16.26481156353952      20.68188154153199      18.82272324853894      13.89950147423261      7.761877049093237      3.291450162668492      1.716583800461374      2.738839181087533      5.917687131000873      10.75747949998435      13.70902085477047       14.1987853830898      16.24957772794865      17.14120533085209      14.73201741406606      13.84455710872392
                   3700     -1.794873097464664      15.99372312704167      20.52487738398889      18.82473057081336      13.90388503594235      7.766261260812662      3.295834374390707      1.720968012178854      2.743223214312151      5.921709689566683      10.71962892990202      13.46923421048731      13.95286507818822      15.76397945778575      16.72505007586598       14.5276220970586      13.67254129130516
                   3800     -1.858733500585856      15.48088484240998      20.25825753665817      18.82806750032988      13.90834816958226      7.770724459605204      3.300297573183313      1.725431210971462      2.747686412983023      5.926169215951946      10.71843382586745      13.33707778075078      13.67233733564034      15.45227807887893      16.48341829707255      14.35796898291785      13.36180886662367
                   3900     -1.919391149513818       15.1637236916201      19.96391773536866      18.83063797082839      13.91419160133818      7.776568716843556      3.306141830425825      1.731275465261305       2.75351649988372      5.928258026660743      10.64748238159344      13.08595198980373      13.42411591594327      15.20067466573459      16.16812847579878       14.0733836307349      13.19115505603446
                   4000      -1.97769835010306      14.90278184235288      19.83128388980423      18.83645655212563      13.92065920528887      7.783036352037349      3.312609465619641      1.737743100451103      2.759984000935501       5.93448832438559      10.62399742984421      12.84916769837657       13.2147294694108      14.98138466421477      15.82112533578502      13.69387836320699      12.80091799487254
                   4100     -2.033780166254253      14.65414702745674      19.55091582758026      18.83972457420279      13.92771218120661      7.790089740123442      3.319662853706563      1.744796488532394      2.767037154063644      5.940978497807265      10.56050099823042      12.63239039254993      13.02150364007999      14.77303161986978      15.51502622531826       13.3443806248504      12.48342056986639
                   4200     -2.086766488339809      14.42371336262309      19.45290174336505      18.84793718052359      13.93630238565769      7.798679952853931      3.328253066437054      1.753386701224321      2.775626698020806      5.948921326281636      10.52206112156749       12.2994402901968      12.57705279636077      14.51959218943329      15.26960636859493      13.06708548581054      12.23706207375573
                   4300     -2.138246853621211      14.08461952798959      19.21980522377084      18.84563989197361      13.94490468459699      7.807292562466141      3.336865676223399       1.76199931100956      2.784239239258618       5.95729752718703        10.491071014327      12.12180506682996      12.34721134475351      14.28202500280863      15.05294377102183      12.75593683815128      11.86431090520171
                   4400     -2.188366939395677      13.69017206864958      18.91271249572828      18.85124761165802      13.95346366459471       7.81585170005823      3.345424813815621       1.77055844859919      2.792798270829087      5.965613943347084       10.4645349062684      11.95011763785463      12.14797902924583      14.02307254307591       14.7528796555074      12.54304153561157      11.58572516528188
                   4500     -2.235623653367678      13.49493862074369      18.64288621056473       18.8554209597992      13.96353668141088      7.825925451677519        3.3554985654364      1.780632199257761      2.802866041312244      5.973540195103697      10.41735050684117      11.82372463642335       11.8585817159757      13.61783294470636      14.52602243483773      12.22351854647339      11.34264395565251
                   4600     -2.280022904226312      13.19808199360582       18.4634472197836      18.86586728845239      13.97517970586148      7.837568521172865      3.367141634931745      1.792275266219835      2.814497713327956      5.982218037538173      10.35160844501307      11.61736960797081      11.56650415143957      13.37966387389584      14.18557500821416      11.98275395885308      11.09969323704336
                   4700     -2.321443416924162      12.84695858536782      18.27020851440905       18.8746507979946      13.98856938284638      7.850958799905871      3.380531913666025      1.805665543825871      2.827879657790123      5.992136705753853      10.28732689488187      11.47727517114268      11.41946153492165      13.19778869463153       13.9271222196752      11.67289786777996      10.67339498313348
                   4800     -2.361378667528664      12.65282692094657      18.11975456796857      18.88547988452895      14.00226607345492      7.864655775665871      3.394228889426529      1.819362519586183      2.841576611769861      6.005689037594073      10.25514567177098      11.18447387733627      11.09014432022245      12.88009829875316      13.59580180205264      11.42098303876377      10.51047652748569
                   4900      -2.39855006080644         12.41608690659      17.90025422913455       18.8943528112435      14.01759591537446      7.879987662636779      3.409560776409533      1.834694406564877      2.856908248691421      6.020235882241107       10.1683389995136      10.90800430932683      10.82185151224304      12.64281194998379      13.33512121372216       11.1946445350608      10.29136158577841
                   5000     -2.432003279551622      12.21572704300461      17.77479175136778      18.91061882157805      14.03556350119828      7.897955327980647       3.42752844175347      1.852662071905662      2.874875712352308      6.037474049156579      10.07270289921349      10.58056781228658      10.49701252925207      12.29396628858398       13.1697712355245      10.99827456515938      10.07803680693437
                   5100     -2.463529433386948      12.06287601683154      17.63320208529381      18.91286328249751      14.05440283426395      7.916811390663661      3.446384504734158      1.871518134867282      2.893731215394356      6.055270298057096      9.982882264390073      10.25471189962856      10.21452439792418       12.0465419030348      12.84754472472422      10.78740356047375      9.892399301082298
                   5200     -2.492629243142319      11.85147891253858      17.49360718199154      18.92277175117585      14.07467842282285       7.93709626163016      3.466669375828193      1.891803001085656      2.913993528199939      6.068577547510197      9.844007028604443      10.02288713119164      9.926490539504606       11.7177323089497      12.55411315405047      10.62894091818933      9.753529306214764
                   5300     -2.518148488408537      11.64646953719571      17.29963650359641       18.9292205423373      14.09757752700112      7.960002896656653      3.489576010908024      1.914709636084694      2.936898386492806       6.08906049798065      9.733739802176014      9.921283419325846      9.880264522477145      11.64042229302798      12.32029844775563       10.1358375913466      9.328410238701464
                   5400     -2.541070055474511      11.37271234367069      17.14037205879143      18.94880623531389      14.12215868733364      7.984584931584692      3.514158045838722      1.939291670986904      2.961479458924121      6.111815300629278      9.602661300077845      9.528142905494747      9.686902548559598      11.48063571891556      12.12416828603291      9.969813833100771      9.138717597697612
                   5500     -2.558197205381207      11.27096930867656      17.05712293570334      18.97679592794403      14.15164729129356      8.014073579645414      3.543646693899461      1.968780319013039      2.990967321513314      6.140135221882262      9.514434629710134      9.057970709244595      9.150024554189846      11.18218001611818      12.00248215775522      9.933445917945781      9.074642331799941
                   5600     -2.576085364796452      11.00385889464107       16.8708228114189      18.99573298021643      14.17951834787508      8.041945990945523      3.571519105202695      1.996652730316222       3.01883972114451      6.167859342131954      9.480887756222236      8.807820218549562      8.932658307554401      11.00203051512575      11.78769161813237      9.747366947387194      8.824731362728031
                   5700     -2.591687736968295      10.77931214424991      16.57047835524759      19.00145990297491      14.20884655954055      8.071279778215919      3.600852888536836      2.025975432696193      3.046312347567012      6.180541506511859      9.417655942636005      8.649086700644359      8.757830355863605      10.85967048815972      11.63261734126828      9.500915972226641      8.574888756975056
                   5800     -2.604301880314823      10.57925048975658      16.42335084365687      19.00971041970056      14.24035269171037      8.102806562649997      3.632379673261285      2.057502217230862      3.077836193078389      6.209519140449991       9.36057333011609      8.459586044160208      8.570460477955583      10.62603668748779      11.38246004593244      9.322923126004996      8.329420945336631
                   5900     -2.614447116079847      10.48446100661049      16.23901206154403      19.01120202187175      14.27349320796508      8.136034675790563        3.6656077915584      2.090729119253054       3.11049452147842      6.226146437121801      9.198681405156199      8.181881918157654       8.33826573830739      10.33146217619364      11.14220458591389        9.2423038129759      8.271901502919206
                   6000     -2.621198729368699      10.27291555757456      16.02796956715328      19.02946530019888      14.30936577316946      8.171915082101636        3.7014881979385      2.126609444802789      3.146242075511744      6.248585429552828      9.136532918904411      8.024123815477695      8.156954385761347      10.19368750984665      10.99287918933601      8.985876561682611      8.048347350591735
                   6100      -2.62967638801042      9.883471820385022      15.74961170374105      19.02453023879428      14.34265665042883      8.205353011250548      3.734926140820388      2.160047166569027      3.179418234722127      6.260530818556806       9.03301888414995      7.973242632958361      8.115851083763175      10.13171813159055      10.81642000004773      8.788380016172535      7.790275355640935
                   6200     -2.635159391876731      9.576400208611963      15.43343421672624      19.03965639340052      14.37839214037002      8.241092871736907      3.770666001327792      2.195787001414182      3.215097053987345      6.287233322137763      8.982852447794802      7.893707806377371      8.020471520553686      10.07381756459943      10.63400191063759       8.57928182274696      7.548420888224051
                   6300     -2.634937971686282      9.249702788640812      15.19817622946037      19.06607843815857      14.41916455111048       8.28186694502533       3.81144007460399      2.236560831074038      3.255642259712592      6.315536999482586      8.956804832639298      7.881377499426511      7.980940434912832       9.98387068764414      10.48271118653675       8.32823896389527      7.211876558297313
                   6400     -2.630392538443791      9.217509415672037      15.16210823086706      19.10467245202275      14.46361337687692      8.326316264820079      3.855889394398191      2.281010111074568      3.299997360205463       6.34297926824488      8.756200295025804       7.67202432081393      7.714433740820774      9.722712824388497      10.26448116411403      8.186192772553463      7.170799364330107
                   6500     -2.623951653883502      9.063240280103471      15.01555305342315      19.10318106760671       14.5092220771463      8.372032696575101      3.901605830624209      2.326726542517157      3.345683341935567      6.378190751407957      8.655424078186533      7.549652000342101      7.595480463468617      9.586084845977565      10.14520810313092      7.953715669435286      6.972417253122501
                   6600     -2.614142082819932      8.983181542449399       14.9097613927134      19.13980940353614      14.55769713238115      8.420508965836456      3.950082099854328      2.375202394692344      3.393845920231541      6.414187969757358      8.598387603934041      7.370015348654623      7.422536469860371      9.405793044925046      9.940564359110661        7.7672328317749      6.835764416185604
                   6700      -2.60503903609705      8.704580454089681      14.60104863955787      19.15629901379146      14.60487205762719      8.467688446489049      3.997261580516488      2.422381816423714      3.440919089089408      6.449773729130222       8.59016500913993      7.373069854873527      7.427750919045113      9.398276073171205      9.851924502381392      7.476769407465426       6.54644673246743
                   6800     -2.586496597225868      8.678662807213556      14.58424301165494      19.18166581747538      14.66088384745283      8.523734805157774      4.053307930439576      2.478409041117313      3.494524922299719      6.476810656743694      8.445033196049595      7.150459863538989      7.203261451690435      9.254039455111592      9.724139623413997      7.358934347597087      6.441807918757205
                   6900     -2.572576499818935       8.63378711170343      14.52909047580503      19.19657243683645      14.71172047180952      8.574603270562802      4.104176396310808      2.529276682034617        3.5448052878406      6.502844101467618      8.336584787069539      7.003188052876794      7.086086815267284      9.043620637616348      9.486523235037454      7.216533825075799      6.365250639268428
                   7000     -2.553711681368987      8.508950979175681      14.43463084046477      19.23402495557881      14.76698381127464      8.629877124642045      4.159450250495135      2.584550498968256       3.59999086864218      6.541814583254491      8.188663158762607      6.900428210979085      6.978891856522462      8.978255144233433      9.340585671340525       7.05452052393901       6.22264317416599
                   7100     -2.540002757400193      8.378978198678004      14.26114936281073      19.21761409657211      14.81654059342452      8.679471270170145      4.209044396102459      2.634142738752796      3.648622441655163      6.561283998017486      8.128347576878413      6.790553197389208      6.840657067536259      8.743496221880848      9.258967242261454       7.02786678064705      6.128914798691365
                   7200     -2.517154141501966      8.219722827396767      14.19494155724324      19.24497452464608      14.87468003828933      8.737696149820858      4.267269278644948      2.692367520892317      3.706698955969162      6.604747215655945      8.061474163672164      6.722939122815486      6.745667310101959      8.666175168239027      9.118645566290407      6.875765073039015      5.966216163811119
                   7300      -2.49922174632851      8.007782665162301      13.94845127965096      19.24268475501526      14.92747230695171      8.790510091466121      4.320083220457574      2.745181462307673      3.759507326268973      6.653650951210848      8.042293345717027      6.655790195490445      6.640513306020276      8.623306750684861      9.063831401581073      6.771782183292212      5.827248550526829
                   7400     -2.474170442605865       7.86059618663655      13.88079148244451      19.26532437986401      14.98688576264026      8.849961867201463      4.379533756125332      2.804220957395522      3.809293283517247      6.675399331747234      7.956429008000424       6.57437129709336      6.575682483584726      8.504993994634198      8.947655060058876      6.716079979717902      5.694888017837233
                   7500     -2.448156593865107       7.70600691048196      13.75174185464822      19.28409102707537      15.04675936253279      8.909908201071419      4.439480093211742       2.86416729443143      3.869238376551078      6.733486600757535      7.923728199992255      6.436458416835221      6.475418736328749      8.375308619107862      8.939020378982699      6.680247953954574      5.551960075572024
                   7600     -2.418678589206841      7.621068305377348       13.6746017694502      19.33133310107881      15.10971282568355      8.972863271794166      4.502435163798251      2.927121234877979      3.931587361701985      6.770543286338252      7.851839421901378      6.275500162721681      6.356087564288778      8.280830735344736      8.894121300962315      6.600185693912444      5.475879965929911
                   7700     -2.389801453429766      7.590146645402498      13.64257805880579       19.3683230062273      15.17155383376238      9.034774110953684      4.564345895475561      2.988941401755287      3.988452982890614       6.77919242542273      7.730600914167218      6.205745732715051      6.291355451002711      8.196577566918176      8.764745620273445      6.464279697996522      5.401057823071602
                   7800     -2.362211210171886      7.546355166974757      13.60134858370821      19.39409083880838      15.23156248466985      9.094966272649854      4.624538076527841      3.049133558685967      4.048569095737117      6.824159790924973      7.627464573228701      6.079326983164223      6.180506538872518      8.077285871127136      8.652180966711436      6.402016348490302      5.360933129076099
                   7900     -2.336707560357531      7.373132913769751      13.36696589002761      19.40749412279506      15.28923525840673      9.152651232530786      4.682222964148683      3.106750584483096      4.102461555203087      6.869304595563415       7.63901630465826      6.099583013156017      6.208668768540361      8.083253937612092      8.607753008569828      6.205515578143149      5.204759728277967
                   8000     -2.305032649527427       7.30344943703398      13.30560415675725      19.42959926224633      15.35229699358371      9.216097433441622      4.745669273194278       3.17019674521041      4.165683126570013      6.912594625244118      7.604649526120523      6.017196019122192      6.081311328637014      8.005965072220524      8.560461370668429      6.120380364940268      5.135381185306327
                   8100     -2.269049176649389      7.155643481753803       13.2105148471981      19.45788257484677      15.41961997681297      9.283452703600194      4.813024543727122      3.237552015359345      4.233032854705663      6.976348739903529       7.62943942571358      6.003443115289397      6.066262171116012      7.990028945946488      8.528349678968379      5.988761308019156      4.957535179510177
                   8200     -2.244208613510903      7.005041987994401      13.01775806551609      19.43693135574404      15.47526988399435      9.339275374159618      4.868847231070942      3.293374702310816      4.288849995018619       7.02795873521788      7.609191703849556      5.977337430555333      6.041155334499834      7.954506499330606      8.500031146360605      5.933665156494687      4.850971172944897
                   8300     -2.215970639272584      6.925792009489017      12.90620195358861      19.43015330700395      15.53395547997717      9.398115347866163      4.927684574781977      3.351640018006953      4.339324683167998      7.045798563589159      7.576364517437567      5.983911605933024      6.049658714113088      7.925874266524743      8.398188795407043      5.817738239206164       4.75555411870667
                   8400     -2.184941002401497        6.9055429373738      12.90668314920003      19.43381999636967      15.59500082347109      9.459376087955723      4.988945325556092      3.412896657024289      4.399320997871811      7.074120515667767      7.531304954560607      5.931597394902711      5.949046894130941      7.808703137918785      8.315390534482301      5.748921931411971      4.717965027379527
                   8500      -2.15209197749724      6.735673993180527      12.79346560949959      19.45663368445603      15.65766396226391      9.522094211634228      5.051663450652293      3.475614775600897      4.462003505533695      7.126591361687205      7.525837633621498      5.906646505767412      5.951575188255387      7.812998106037305      8.277605633046884      5.682462264651955      4.604196884123705
                   8600     -2.122679527405975      6.732612058742236      12.78503606776447       19.4915344580603      15.71658388423337      9.581022314934755      5.110591553726826      3.534541192006601      4.520168046629662      7.149864350669192      7.453186356046102      5.828906056374677      5.892104057436926      7.689990366260072      8.168561986834073      5.635369573798933       4.58404377788509
                   8700     -2.094546149146704      6.628678297560711      12.66896928685007      19.47639234039892      15.77380987552156      9.638326164653916      5.167895405369725      3.591845043321367      4.577467066240271      7.203353618308176      7.448117930738668      5.785611044271177      5.874122069914335      7.652072899630166      8.120813771040977       5.58763419695005      4.510114859551961
                   8800     -2.062485229856323      6.584257679824585      12.60046075033887      19.49284519941752      15.83464721470468      9.699220355934104      5.228789597918619      3.652736061463488         4.637250078596      7.226592320525289      7.416182213727748      5.762662657287057      5.845466098665877      7.632982253460293      8.057665786494105      5.506915006888972      4.440176014120563
                   8900     -2.028129875788682       6.48036377500267      12.50207496710114      19.50127580542292      15.89747472923492      9.762079490873537      5.291648732857523       3.71559313293774      4.699274396151703      7.265614567188798      7.419330083892468       5.72928141072748       5.79379604785973      7.642173167406364      8.076605326812444      5.457306397043234      4.356611102658459
                   9000     -1.998255948303561      6.494539580812525         12.50952458404      19.54394564555071      15.95552614209368      9.820135152440372      5.349704394115816      3.773646948057476      4.756688793653302      7.306761483105507      7.352206647188726      5.595730171999596      5.668828300687202       7.55926073257445      7.981886646016049      5.460223504801114      4.380544021650837
                   9100     -1.963599533746588      6.487762548501784      12.50789948738283      19.58877481131642      16.01802708717286      9.882658449562648      5.412227686685096      3.836158921895148      4.817542453492363      7.338843269533853      7.274808279984247      5.502971294357142      5.590089956514508      7.522835251769168      7.948434537245294      5.438892846282354      4.355664478144448
                   9200     -1.934277059165678      6.504685171122271      12.51058502948936      19.58827340023243      16.07481771116179      9.939539911667968      5.469109150595649       3.89304023992159      4.874207143493621      7.371926928817691      7.190000854704491      5.430657625958538      5.550735139637079      7.462167077758331      7.874069555556418      5.400426748675911      4.336852223537652
                   9300     -1.898892030321017      6.446139077293513      12.47919658052464      19.63152354101117      16.13745425531425      10.00218276556767      5.531752004519465      3.955682986009998      4.936633387412655      7.414973037944724      7.195585993240492      5.387383169401503      5.514503625421623      7.431319909477386      7.838390881472469      5.353234065872074      4.277936025849987
                   9400     -1.868267492939904      6.403479663920988      12.45065552224769      19.62489875706962      16.19450312761354      10.05977026391459      5.589339713196297      4.013267029976599      4.992832993298643      7.437751873884231      7.191646054356283      5.393894449241505      5.539620452482691      7.410732888063838      7.758294231847017       5.27566681661459        4.2017410245223
                   9500     -1.838385146356385      6.373344919160232      12.39980689942158      19.64425261927335      16.25103524465531      10.11632743128827      5.645896880893861      4.069824051337387      5.049105060464777      7.466159009409797      7.176546568174373      5.389430491469133      5.514861358218043      7.382834993374308      7.702166596744498      5.202857478796727      4.161958823184617
                   9600     -1.810048524349067      6.393206496162897        12.405244559545      19.63038249045696      16.30547608137253      10.17105659653087       5.70062607535273      4.124553237440728      5.103796946580397      7.509584941239981      7.116728413119153      5.302923969212157      5.437610642907456      7.318195145878926      7.676936186771836      5.175362098411111        4.1736383962452
                   9700     -1.775502706491438       6.39075256801742      12.40579067205822      19.67669245469125      16.36611885874909      10.23171864836097      5.761288127506821      4.185215289545095      5.164456884141978      7.566137175473142      7.082465384156716      5.235037267374989      5.363377526860597      7.263872812384785      7.658443884988833      5.155424505145761      4.152549800249536
                   9800     -1.749477182108298      6.340552297608893      12.33838191504413      19.69981120698187      16.41798158139384      10.28358979562454      5.813159169693264      4.236995599758496      5.210804542722454      7.581181197800775      7.081565270570204      5.218835887838683      5.325066824721625      7.206433391214977      7.626838245505992      5.144961957185685      4.125415041667027
                   9900     -1.720071549013962       6.36184539840125      12.34410069325996      19.71535419867238      16.47286499249547      10.33857598646532      5.868145363512954      4.291976087013663      5.264243105166585      7.602367155712338      7.040319804349327      5.140050732707516      5.240859075415275      7.145532988841143      7.608284940024565      5.142496373621513      4.133736255556255
                  10000     -1.694150749461982      6.348913442335907      12.33980716912412      19.69741096163904       16.5234260932598      10.38981757523817      5.919387045309947      4.343214372525914      5.314250043173644      7.620510520952816      7.013414983635487      5.112804658082488       5.20262871075052      7.085650434955659      7.574359230191335      5.131685021552645      4.111531269996861
